edge degrees:
id	degree	max	normal
7681	0	5	0
20623	0	4	0
20624	0	1	0
20908	0	5	0
20909	0	0	1
21121	0	5	0
21773	0	3	0
21775	0	0	1
23323	0	4	0
23327	0	1	0
23727	0	5	0
23728	0	4	0
24301	0	5	0
24302	0	1	0
25776	0	2	0
25777	0	0	1
27821	0	1	0
31214	0	1	0
31215	0	1	0
31216	0	1	0
31982	0	1	0
31983	0	0	1
32600	0	1	0
32725	0	2	0
32895	0	3	0
32980	0	2	0
32982	0	2	0
33446	0	3	0
33976	0	4	0
34841	0	4	0
34940	0	4	0
35580	0	2	0
35798	0	4	0
36046	0	3	0
36047	0	2	0
37384	0	1	0
37403	0	4	0
37404	0	2	0
37509	0	5	0
Average = 0
Average Normalized = 0.1
Average By Vertex = 0
Average Normalized By Vertex = 0.1
Average By Edge Density = 0
Average Normalized By Edge Density = 76