0	14
2	232
3	347
4	75
5	2
6	68
7	54
8	19
9	5
10	58
11	17
12	24
13	3
14	285
15	21
16	7
17	18
18	7
19	80
20	17
22	119
23	31
24	77
25	11
26	28
27	19
28	13
29	2
30	4
31	30
32	6
33	3
34	5
35	2
36	18
37	35
38	8
39	110
40	24
41	19
42	37
43	4
44	31
45	6
47	16
48	3
49	3
50	78
51	6
52	12
54	239
55	233
56	7
57	69
58	305
59	2
61	2
62	3
63	25
64	2
67	3
68	83
69	18
71	24
72	13
73	11
74	6
77	22
78	19
79	12
80	2
82	21
84	2
85	25
92	10
96	23
97	3
98	112
100	14
101	3
102	30
103	7
104	2
105	21
106	2
107	10
108	17
111	117
114	2
121	10
124	2
126	3
127	155
128	73
129	2
130	2
131	2
133	2
134	2
135	2
139	9
140	2
143	3
146	3
149	3
150	21
156	71
157	237
158	2
159	4
160	107
165	16
172	4
173	7
174	4
175	2
177	4
178	7
179	51
183	2
184	15
186	2
187	4
188	38
189	2
193	3
194	4
196	2
197	3
201	11
202	2
205	15
209	2
212	6
218	63
219	5
220	2
221	2
223	17
224	2
226	2
227	2
228	10
229	2
233	2
234	5
235	21
236	20
238	6
240	22
257	2
258	2
271	3
275	2
281	2
282	2
284	10
285	2
286	12
288	10
289	2
292	2
293	23
294	2
295	110
300	2
301	2
304	2
307	2
308	2
310	7
311	3
312	3
313	4
319	2
324	2
325	13
326	9
327	2
329	2
331	2
332	50
338	12
339	2
343	10
344	2
345	2
351	2
354	15
355	4
356	2
364	2
365	2
368	7
370	12
371	5
372	2
376	16
387	2
389	2
391	3
392	3
393	10
394	2
395	16
396	2
397	2
398	3
399	2
405	5
406	2
407	2
408	5
413	2
419	2
420	2
421	2
426	6
428	5
429	2
430	5
431	2
434	2
437	2
438	2
443	3
446	4
447	2
448	11
453	10
455	2
456	4
459	2
460	5
463	4
464	2
465	5
466	12
471	2
472	8
476	2
485	2
486	2
488	20
490	2
491	20
492	10
493	2
494	2
501	8
502	2
504	9
505	2
506	2
507	12
508	2
512	4
522	2
523	2
528	2
537	2
538	13
539	2
542	2
543	3
544	3
545	2
559	2
561	4
564	2
570	3
571	2
573	10
575	8
576	2
579	2
580	2
585	2
587	2
592	2
593	2
599	4
600	2
610	2
611	10
613	2
615	2
622	2
623	10
627	2
628	2
629	3
630	2
649	3
650	5
651	5
653	2
654	3
658	2
659	11
660	4
667	5
672	2
673	58
674	2
675	2
680	2
681	2
687	2
690	2
691	3
694	6
695	2
705	2
707	7
708	2
709	11
710	3
714	2
720	2
721	25
722	2
728	2
733	2
736	6
748	2
749	2
751	2
752	5
753	2
761	2
764	7
767	2
768	3
769	2
774	2
778	3
785	15
786	3
789	2
794	8
803	7
804	9
805	2
806	5
810	24
812	2
813	8
816	2
817	5
834	2
838	2
848	2
859	2
861	2
874	2
875	21
877	2
878	8
889	2
891	2
903	2
904	2
905	5
907	2
916	2
920	4
922	2
923	10
924	4
925	2
929	2
933	2
934	18
938	3
939	2
940	2
945	5
946	3
947	2
949	2
950	4
951	2
955	2
958	3
960	2
962	2
970	2
971	14
975	2
976	2
977	12
980	2
984	2
986	4
990	3
991	2
992	10
993	11
1000	3
1001	2
1011	10
1012	2
1023	2
1025	8
1029	2
1031	17
1032	2
1034	2
1039	8
1040	2
1042	33
1055	12
1058	20
1061	2
1062	5
1063	4
1071	6
1072	2
1073	2
1075	2
1078	2
1082	6
1088	4
1090	2
1099	4
1100	2
1110	26
1114	3
1117	21
1118	2
1120	2
1132	2
1133	3
1138	3
1140	2
1141	2
1143	9
1144	2
1146	2
1148	13
1151	3
1152	2
1157	2
1159	2
1161	2
1163	2
1167	2
1168	2
1170	2
1171	4
1172	2
1178	2
1179	2
1180	17
1181	2
1182	2
1183	5
1184	2
1187	2
1190	2
1191	2
1196	2
1197	2
1198	2
1199	6
1200	2
1203	2
1206	2
1209	2
1216	2
1217	10
1222	2
1226	3
1227	2
1236	2
1238	2
1240	2
1244	2
1246	3
1247	2
1250	2
1251	11
1255	4
1256	2
1258	2
1261	2
1262	2
1264	9
1265	2
1266	7
1267	4
1268	5
1269	24
1270	74
1271	24
1272	33
1274	2
1275	22
1276	8
1278	31
1279	2
1280	2
1281	183
1282	28
1283	15
1284	8
1285	39
1286	54
1287	4
1288	3
1289	17
1290	6
1291	10
1292	42
1293	3
1294	4
1295	2
1297	2
1298	2
1300	2
1302	3
1303	14
1304	18
1308	2
1309	2
1310	2
1311	2
1313	5
1314	2
1315	3
1316	2
1317	4
1319	2
1320	2
1322	8
1323	6
1324	3
1329	5
1330	3
1331	2
1332	8
1333	4
1335	3
1336	28
1337	3
1338	13
1339	5
1341	2
1342	10
1343	2
1344	4
1346	2
1347	2
1348	3
1349	14
1350	2
1351	5
1352	2
1353	8
1354	2
1355	2
1356	2
1358	2
1360	2
1361	2
1363	2
1366	3
1367	3
1368	5
1369	5
1373	2
1374	6
1375	2
1376	2
1377	2
1378	2
1379	2
1380	3
1381	2
1383	5
1384	2
1385	2
1386	5
1387	4
1388	2
1389	2
1390	2
1391	4
1392	2
1393	5
1395	2
1398	7
1399	3
1400	2
1401	10
1402	11
1404	18
1408	3
1409	2
1410	2
1414	2
1415	2
1416	5
1417	2
1419	2
1420	10
1421	3
1423	2
1425	2
1426	2
1435	26
1436	6
1437	2
1438	3
1440	2
1441	2
1442	24
1444	2
1445	2
1446	3
1447	2
1448	2
1449	2
1450	7
1451	11
1452	2
1453	21
1455	4
1456	4
1457	2
1459	4
1461	2
1462	2
1463	12
1464	12
1465	2
1466	3
1467	2
1469	2
1471	2
1472	2
1473	2
1474	2
1475	2
1476	3
1477	2
1479	2
1481	2
1482	2
1483	3
1485	2
1488	23
1489	2
1490	17
1492	15
1493	3
1494	11
1496	20
1497	14
1498	3
1499	10
1500	15
1501	12
1502	2
1503	2
1504	7
1505	4
1508	2
1511	4
1512	2
1513	2
1519	2
1525	2
1529	2
1531	2
1536	2
1538	2
1539	2
1547	2
1548	12
1549	2
1550	11
1551	2
1552	6
1555	2
1556	4
1558	2
1564	2
1567	29
1571	2
1577	3
1581	2
1582	3
1583	2
1585	41
1589	2
1590	22
1591	8
1593	3
1594	2
1595	2
1600	2
1601	8
1603	2
1626	2
1627	3
1630	2
1634	2
1635	3
1644	2
1645	2
1648	3
1652	2
1655	2
1656	2
1657	2
1658	5
1659	4
1663	3
1664	4
1666	2
1669	2
1670	4
1673	3
1689	2
1690	13
1692	3
1697	2
1699	16
1702	2
1704	3
1706	2
1711	2
1712	2
1713	4
1714	2
1715	4
1725	3
1727	2
1730	2
1731	3
1732	2
1733	9
1734	2
1739	2
1742	5
1743	2
1745	3
1746	4
1748	33
1749	30
1750	31
1751	185
1753	8
1754	2
1755	4
1756	28
1757	67
1758	2
1759	50
1760	98
1761	4
1762	13
1764	2
1765	3
1767	23
1768	2
1769	23
1770	3
1771	12
1772	2
1773	2
1774	2
1776	2
1777	3
1778	3
1779	4
1781	5
1782	2
1783	3
1785	2
1786	2
1788	2
1789	10
1791	5
1793	8
1794	47
1795	2
1797	5
1798	2
1800	9
1801	22
1802	9
1803	2
1804	8
1807	8
1808	6
1809	3
1810	6
1811	2
1812	4
1813	2
1814	13
1815	2
1816	7
1817	2
1818	10
1819	3
1820	13
1822	4
1823	4
1824	2
1825	64
1827	2
1828	7
1829	19
1831	4
1832	19
1834	6
1835	16
1836	3
1837	2
1839	27
1840	2
1841	9
1842	32
1843	3
1844	3
1845	28
1849	10
1850	3
1852	11
1853	10
1854	11
1855	2
1856	2
1857	4
1858	6
1859	3
1860	15
1861	2
1863	5
1864	5
1866	2
1867	222
1868	3
1869	6
1870	8
1871	14
1873	3
1874	10
1875	8
1876	3
1877	2
1878	16
1879	2
1880	2
1881	23
1882	11
1883	2
1884	2
1885	6
1886	3
1887	3
1888	10
1889	3
1890	20
1892	2
1893	27
1894	53
1895	17
1896	8
1897	2
1898	10
1899	4
1900	20
1902	3
1903	4
1904	16
1905	2
1906	2
1907	19
1909	2
1911	2
1912	2
1913	2
1915	2
1919	3
1920	2
1922	2
1923	6
1926	5
1928	5
1929	2
1934	11
1935	3
1936	6
1938	2
1940	2
1941	3
1942	2
1948	23
1949	3
1950	2
1951	2
1955	2
1956	5
1957	2
1958	3
1959	2
1962	4
1963	8
1970	3
1971	6
1973	11
1975	2
1976	2
1977	21
1978	10
1979	2
1980	5
1981	31
1985	4
1986	2
1987	2
1988	2
1989	10
1990	18
1991	2
1992	2
1993	2
1994	2
1995	2
1997	8
1998	4
2000	2
2001	2
2002	2
2004	2
2005	3
2006	2
2007	2
2008	2
2009	2
2010	2
2014	3
2016	2
2018	2
2019	4
2020	6
2021	2
2022	3
2024	2
2025	2
2026	5
2028	3
2029	3
2034	3
2035	4
2036	2
2038	5
2039	9
2040	2
2041	18
2043	3
2046	2
2047	2
2049	27
2050	17
2051	3
2052	3
2053	6
2055	2
2059	2
2060	2
2065	2
2070	3
2071	4
2075	7
2076	9
2077	3
2078	2
2079	5
2080	6
2082	2
2083	16
2084	2
2085	12
2087	3
2088	13
2090	3
2091	8
2092	4
2093	2
2094	2
2095	11
2096	2
2098	8
2099	2
2100	2
2101	8
2102	4
2107	2
2108	16
2110	4
2111	3
2112	2
2113	4
2114	2
2115	7
2116	2
2117	4
2119	37
2121	2
2123	2
2124	2
2126	2
2127	2
2130	4
2132	2
2134	2
2136	2
2137	2
2138	2
2140	2
2143	3
2144	3
2145	4
2146	7
2147	2
2148	2
2149	2
2151	4
2152	2
2153	7
2154	2
2155	3
2156	4
2157	3
2158	2
2159	3
2160	2
2161	14
2165	5
2166	2
2167	4
2170	2
2171	2
2173	32
2174	2
2175	2
2176	2
2180	2
2181	2
2182	2
2183	2
2184	2
2185	2
2186	2
2189	2
2190	2
2191	2
2192	2
2193	2
2195	2
2196	2
2197	2
2199	2
2200	2
2201	2
2204	3
2205	2
2211	2
2215	2
2219	2
2222	2
2224	2
2230	2
2231	2
2232	4
2233	2
2234	2
2235	2
2236	2
2238	2
2239	2
2240	2
2241	2
2242	2
2243	7
2244	3
2245	6
2246	4
2249	2
2253	5
2255	3
2256	6
2257	2
2258	2
2261	2
2264	2
2265	2
2266	2
2268	4
2269	2
2271	2
2276	4
2277	3
2279	2
2280	2
2281	11
2287	2
2288	2
2290	4
2291	2
2292	4
2296	2
2299	4
2300	2
2302	4
2306	12
2307	20
2308	3
2311	2
2315	2
2317	2
2318	2
2319	30
2320	20
2321	24
2322	3
2323	3
2324	3
2325	2
2326	10
2327	6
2328	8
2330	6
2331	2
2332	8
2333	5
2334	12
2335	14
2336	41
2337	20
2339	3
2341	5
2342	3
2343	3
2344	4
2346	5
2348	6
2349	2
2350	5
2351	2
2352	3
2354	2
2355	12
2356	3
2358	31
2359	3
2361	28
2362	106
2363	3
2364	4
2365	9
2366	9
2367	3
2368	15
2373	2
2374	2
2375	17
2376	2
2377	6
2379	2
2380	2
2381	49
2382	2
2383	2
2385	14
2386	6
2388	33
2389	7
2390	5
2391	3
2394	9
2396	3
2397	2
2398	3
2399	8
2400	12
2401	2
2403	5
2404	22
2405	6
2406	9
2407	3
2408	25
2409	13
2410	32
2413	8
2414	2
2415	2
2416	12
2418	2
2419	4
2420	25
2421	9
2422	2
2423	2
2424	3
2425	5
2427	4
2428	3
2429	2
2430	3
2431	20
2432	21
2433	2
2434	6
2435	5
2436	22
2437	2
2438	4
2440	16
2441	2
2442	4
2443	20
2444	5
2445	2
2446	8
2450	8
2453	3
2454	17
2455	19
2457	2
2460	4
2461	25
2462	2
2464	18
2465	7
2467	11
2468	3
2469	4
2470	16
2471	2
2472	53
2473	4
2475	9
2480	9
2481	2
2482	4
2483	3
2484	14
2485	3
2487	9
2488	39
2489	27
2490	16
2491	54
2492	52
2493	2
2495	21
2496	2
2497	6
2498	3
2499	42
2500	5
2502	2
2505	22
2506	2
2507	2
2508	12
2510	2
2511	2
2515	5
2517	2
2518	2
2520	2
2521	9
2522	6
2523	2
2525	66
2526	2
2527	2
2528	5
2529	3
2530	8
2532	7
2533	106
2534	2
2535	3
2536	97
2537	4
2538	13
2540	45
2542	2
2545	2
2546	11
2547	2
2548	4
2549	19
2553	2
2554	2
2555	3
2556	2
2557	5
2558	8
2595	6
2596	2
2597	5
2598	2
2599	10
2600	13
2601	3
2603	3
2604	4
2606	2
2607	2
2610	6
2613	18
2614	36
2616	2
2617	15
2618	3
2619	13
2620	2
2621	2
2622	2
2623	3
2624	3
2625	3
2626	3
2627	15
2628	14
2629	5
2630	2
2631	3
2633	3
2634	13
2635	4
2636	6
2638	2
2639	7
2641	4
2643	6
2645	2
2646	14
2647	5
2648	3
2649	7
2650	2
2651	64
2653	3
2654	7
2655	4
2656	3
2657	28
2658	2
2660	2
2661	5
2662	2
2663	10
2664	5
2665	2
2670	4
2671	17
2672	2
2673	2
2674	2
2675	64
2676	3
2677	2
2678	2
2679	2
2681	6
2682	26
2684	3
2685	10
2688	3
2689	2
2690	2
2691	33
2692	2
2693	5
2694	2
2695	54
2697	3
2698	22
2699	7
2700	2
2701	4
2702	6
2703	4
2704	12
2705	2
2706	2
2707	11
2710	6
2711	8
2712	4
2717	12
2718	2
2719	7
2720	2
2721	3
2723	2
2725	14
2726	2
2727	2
2728	2
2731	2
2732	4
2733	2
2734	2
2736	2
2737	8
2738	2
2739	3
2740	2
2741	2
2742	8
2743	34
2744	2
2745	3
2747	2
2748	27
2749	2
2750	4
2751	2
2752	7
2753	13
2756	7
2757	2
2758	2
2759	31
2760	3
2764	17
2765	8
2766	3
2767	23
2771	8
2772	2
2773	3
2774	3
2775	3
2777	2
2779	3
2783	58
2784	2
2786	2
2788	2
2789	2
2790	12
2791	9
2794	4
2795	6
2796	2
2797	10
2798	4
2800	2
2801	3
2802	3
2808	6
2809	2
2811	8
2813	2
2815	3
2816	3
2817	2
2819	2
2820	4
2821	13
2822	5
2824	2
2826	5
2827	3
2828	2
2829	5
2832	2
2834	2
2835	2
2836	23
2838	2
2839	10
2840	2
2841	2
2843	8
2844	14
2845	4
2846	4
2847	10
2850	2
2852	8
2853	3
2855	8
2856	10
2857	8
2859	2
2860	11
2863	4
2864	2
2865	2
2866	2
2867	2
2869	2
2870	8
2871	2
2872	7
2873	3
2874	9
2875	2
2879	2
2880	19
2882	4
2883	15
2884	4
2886	6
2888	2
2889	3
2890	5
2891	3
2892	7
2893	2
2895	6
2896	3
2899	6
2900	6
2902	2
2903	8
2904	2
2905	10
2906	2
2909	62
2910	2
2911	16
2913	12
2915	2
2916	2
2917	15
2918	2
2919	7
2920	2
2921	5
2922	2
2923	2
2924	3
2925	2
2926	9
2928	3
2929	3
2930	16
2931	3
2932	11
2933	2
2934	6
2935	3
2938	2
2940	2
2941	4
2943	3
2945	2
2948	2
2951	2
2952	2
2953	2
2954	2
2955	6
2956	4
2957	2
2958	6
2959	39
2963	6
2965	4
2966	3
2973	9
2975	3
2976	5
2978	2
2979	3
2980	6
2982	14
2983	3
2984	2
2985	16
2986	2
2987	3
2988	2
2989	2
2990	2
2991	2
2992	7
2993	4
2994	7
2995	3
2998	7
3000	16
3001	6
3003	10
3006	3
3007	2
3008	3
3011	3
3012	2
3014	2
3016	2
3018	2
3019	2
3020	2
3021	34
3022	2
3024	3
3025	22
3026	3
3028	2
3029	2
3030	43
3033	3
3034	2
3036	4
3041	3
3044	5
3045	2
3046	2
3047	3
3048	5
3050	2
3052	3
3060	2
3062	11
3066	2
3067	2
3069	2
3073	2
3076	25
3083	2
3086	3
3088	2
3099	2
3100	2
3102	3
3104	3
3105	2
3112	2
3113	2
3114	6
3115	10
3118	9
3124	3
3134	2
3135	2
3142	2
3146	2
3148	4
3149	2
3153	2
3155	5
3169	2
3173	2
3175	2
3176	2
3180	2
3181	18
3185	3
3188	2
3195	4
3202	2
3211	2
3213	2
3215	3
3220	2
3224	4
3225	2
3226	9
3228	2
3229	2
3234	2
3235	2
3239	2
3241	2
3245	2
3250	2
3252	3
3253	6
3254	3
3257	2
3259	2
3264	2
3266	2
3271	2
3272	5
3281	2
3287	2
3294	5
3296	2
3297	2
3298	2
3299	9
3304	2
3305	2
3311	2
3312	2
3314	3
3315	2
3327	2
3335	2
3341	20
3342	4
3343	4
3344	4
3350	2
3351	12
3352	2
3353	4
3359	2
3361	3
3362	2
3363	7
3368	2
3373	12
3374	6
3375	2
3377	5
3382	2
3386	2
3389	2
3392	2
3395	2
3399	2
3401	2
3402	21
3407	2
3409	2
3410	2
3414	2
3415	2
3417	3
3420	2
3425	2
3428	2
3435	2
3441	3
3444	2
3445	2
3448	4
3449	2
3454	2
3458	2
3461	2
3462	2
3463	5
3464	2
3465	2
3468	6
3469	2
3471	2
3475	2
3476	2
3481	2
3491	3
3494	4
3495	2
3501	3
3503	2
3504	2
3506	2
3510	4
3511	2
3516	2
3517	5
3531	2
3533	2
3539	3
3545	3
3551	2
3553	2
3554	11
3558	2
3559	2
3566	2
3569	2
3572	3
3575	2
3580	2
3582	2
3589	2
3594	2
3596	2
3597	2
3603	29
3604	2
3607	2
3610	3
3611	2
3614	5
3615	2
3621	2
3623	2
3624	2
3628	2
3629	2
3631	2
3635	3
3636	3
3639	5
3643	3
3644	10
3645	2
3652	2
3653	2
3658	2
3659	2
3660	6
3666	2
3668	2
3669	25
3671	2
3673	2
3677	2
3682	2
3684	2
3685	2
3689	2
3694	2
3695	3
3699	2
3700	2
3701	2
3702	2
3703	2
3704	2
3705	4
3716	2
3719	2
3721	2
3722	3
3725	3
3726	4
3729	2
3730	2
3735	2
3737	2
3746	2
3747	2
3749	2
3757	3
3759	8
3760	2
3761	2
3766	2
3767	7
3769	2
3772	2
3773	2
3777	2
3778	2
3779	2
3780	2
3781	2
3782	3
3783	2
3787	2
3796	14
3798	3
3799	2
3800	4
3801	3
3805	2
3806	3
3811	2
3812	3
3813	2
3814	2
3816	2
3820	3
3822	3
3823	2
3824	2
3826	2
3828	2
3830	2
3831	4
3836	3
3839	2
3840	2
3841	3
3842	2
3846	2
3849	2
3853	3
3856	2
3857	5
3862	6
3863	2
3864	2
3865	2
3866	2
3870	2
3872	2
3880	3
3881	2
3884	2
3887	2
3888	8
3892	3
3893	2
3894	4
3898	4
3900	3
3902	2
3909	5
3910	5
3916	4
3917	2
3919	2
3920	2
3926	4
3930	2
3931	2
3933	7
3949	2
3951	3
3960	2
3961	2
3962	2
3966	2
3969	2
3970	2
3974	2
3980	3
3981	3
3983	2
3986	2
3987	2
3989	2
3990	2
3993	2
3994	6
3995	2
3999	2
4000	2
4001	2
4007	2
4008	2
4009	2
4012	2
4015	2
4023	5
4024	2
4029	2
4030	2
4031	4
4033	6
4034	3
4039	2
4043	2
4046	2
4055	2
4056	3
4057	2
4062	2
4068	2
4075	2
4076	3
4077	4
4097	2
4102	2
4103	2
4104	5
4106	5
4107	2
4108	8
4113	2
4115	2
4116	2
4120	2
4121	2
4124	2
4127	2
4129	2
4130	4
4131	2
4132	2
4133	2
4134	2
4135	3
4138	2
4140	3
4141	4
4145	2
4148	2
4151	2
4152	2
4158	4
4159	2
4160	2
4162	2
4163	2
4164	2
4168	2
4171	2
4173	2
4174	13
4175	2
4177	2
4179	2
4181	5
4185	2
4186	2
4189	3
4192	2
4198	2
4199	2
4200	2
4201	4
4203	2
4204	2
4205	4
4207	29
4208	4
4209	2
4211	3
4214	2
4216	2
4219	2
4221	2
4224	6
4226	2
4227	2
4228	17
4230	2
4233	2
4234	3
4236	2
4237	38
4240	3
4241	2
4243	2
4244	3
4245	2
4250	3
4251	2
4252	2
4253	2
4255	2
4256	5
4257	5
4258	4
4259	2
4261	2
4262	2
4263	2
4264	3
4267	3
4268	2
4269	9
4270	2
4271	2
4281	2
4282	2
4284	5
4285	2
4287	2
4288	2
4289	2
4293	2
4296	2
4297	2
4298	3
4303	2
4305	2
4306	2
4311	8
4313	3
4314	2
4315	2
4316	2
4318	2
4319	4
4320	2
4321	5
4323	2
4324	2
4327	4
4328	2
4332	2
4335	3
4336	2
4337	4
4338	2
4341	2
4343	8
4344	3
4346	2
4348	2
4349	2
4352	3
4353	3
4354	7
4355	2
4356	10
4357	3
4359	2
4360	2
4361	3
4362	2
4367	3
4370	4
4375	2
4380	2
4384	3
4385	2
4386	8
4387	3
4389	2
4390	10
4393	2
4394	2
4395	4
4396	3
4400	4
4401	2
4402	4
4406	2
4411	2
4415	2
4416	2
4417	3
4422	2
4423	4
4424	5
4426	2
4427	3
4430	13
4433	3
4434	2
4435	2
4436	2
4439	2
4440	4
4441	2
4442	2
4443	2
4444	3
4445	2
4446	3
4447	2
4448	2
4449	2
4450	3
4451	2
4453	2
4455	2
4456	3
4458	2
4459	2
4460	3
4461	2
4466	2
4469	2
4473	3
4474	4
4477	2
4479	2
4480	2
4481	4
4482	5
4484	2
4485	5
4487	2
4488	2
4491	2
4493	9
4494	2
4499	3
4500	2
4501	2
4502	5
4503	3
4506	2
4507	3
4508	2
4510	3
4511	2
4515	3
4516	2
4522	2
4523	2
4525	3
4526	2
4532	3
4539	2
4541	2
4548	2
4550	3
4552	3
4553	2
4554	3
4555	2
4556	3
4557	2
4558	2
4563	2
4565	2
4568	2
4576	2
4577	2
4580	2
4583	2
4584	3
4586	4
4587	2
4588	2
4594	2
4599	3
4600	5
4602	2
4603	2
4604	4
4606	3
4607	10
4608	2
4609	5
4610	2
4611	2
4614	2
4616	2
4617	2
4618	2
4619	3
4620	2
4627	3
4630	5
4634	2
4637	2
4642	2
4643	2
4644	2
4645	3
4647	2
4648	4
4649	2
4651	3
4654	3
4655	4
4661	2
4663	7
4664	2
4665	2
4667	48
4668	3
4669	2
4670	4
4672	2
4673	2
4674	3
4675	7
4678	4
4679	2
4681	7
4684	3
4685	2
4686	2
4687	3
4688	2
4689	5
4694	2
4695	2
4697	2
4699	2
4700	3
4703	2
4704	2
4705	2
4706	2
4707	3
4708	4
4710	2
4719	3
4720	4
4721	2
4724	2
4728	2
4729	2
4730	2
4732	2
4733	5
4736	2
4739	3
4741	2
4747	2
4749	2
4753	2
4754	4
4755	7
4756	2
4757	3
4758	2
4759	2
4760	2
4764	2
4767	2
4768	2
4769	2
4770	2
4773	2
4776	2
4780	2
4781	2
4783	2
4784	2
4787	2
4788	2
4789	2
4791	2
4794	2
4795	2
4796	2
4798	2
4799	2
4802	2
4804	2
4805	2
4806	2
4807	4
4808	2
4809	2
4812	2
4813	2
4814	2
4815	2
4817	2
4819	3
4821	3
4823	2
4825	2
4826	4
4828	2
4830	2
4831	2
4832	4
4834	3
4835	5
4836	4
4839	2
4840	2
4841	3
4842	4
4843	12
4845	11
4846	7
4847	2
4848	4
4849	2
4850	15
4851	7
4852	2
4855	2
4857	17
4858	2
4860	3
4862	2
4864	3
4865	2
4870	2
4872	5
4873	3
4874	2
4876	2
4888	2
4891	2
4892	2
4893	2
4894	10
4896	3
4897	2
4898	6
4899	3
4904	2
4905	2
4907	2
4910	2
4911	2
4912	2
4913	2
4915	3
4917	2
4918	4
4920	2
4921	6
4922	2
4923	2
4925	2
4927	2
4928	2
4929	2
4932	2
4936	2
4937	6
4939	2
4944	2
4946	2
4947	10
4948	2
4952	2
4953	2
4958	2
4959	2
4960	2
4961	2
4964	5
4970	2
4971	2
4972	2
4973	2
4976	2
4977	2
4979	2
4984	2
4987	2
4988	2
4989	3
4990	2
4991	4
4992	6
4997	3
4999	2
5007	2
5009	2
5013	2
5021	2
5022	3
5027	2
5028	2
5029	2
5036	2
5039	2
5041	2
5049	2
5050	3
5054	2
5059	2
5062	2
5064	2
5066	2
5067	2
5069	2
5070	2
5076	2
5079	2
5080	2
5082	4
5089	2
5090	3
5093	2
5094	2
5097	2
5099	2
5100	2
5101	2
5102	2
5103	2
5104	2
5105	2
5106	2
5108	3
5110	2
5111	2
5112	2
5116	2
5121	5
5122	2
5123	3
5128	2
5131	2
5132	2
5133	2
5135	2
5137	2
5138	2
5140	2
5141	2
5142	2
5143	2
5145	2
5148	2
5150	2
5153	2
5154	2
5158	2
5161	11
5163	3
5165	2
5166	4
5167	2
5168	2
5169	2
5173	2
5174	6
5175	2
5176	2
5179	2
5185	2
5186	4
5189	2
5190	2
5199	3
5201	2
5202	3
5205	3
5207	2
5209	2
5210	4
5211	2
5212	2
5218	2
5222	2
5227	2
5233	2
5234	2
5239	5
5242	5
5243	2
5245	2
5248	2
5252	2
5253	5
5254	2
5255	2
5257	3
5258	2
5268	2
5270	2
5274	2
5275	2
5277	3
5280	2
5283	2
5284	2
5289	2
5292	2
5297	4
5298	4
5299	2
5300	2
5302	2
5303	4
5305	2
5306	2
5307	2
5308	3
5309	3
5310	2
5312	2
5317	2
5318	2
5321	2
5322	2
5323	3
5324	4
5336	2
5338	2
5340	2
5341	2
5342	2
5343	9
5344	4
5345	4
5346	8
5347	3
5351	2
5353	2
5355	2
5357	2
5358	2
5359	2
5360	2
5363	2
5369	3
5371	3
5372	2
5373	2
5387	2
5388	2
5389	2
5393	2
5396	2
5397	2
5398	2
5400	2
5405	2
5406	2
5408	2
5411	2
5413	3
5419	2
5420	3
5422	2
5423	2
5424	2
5425	2
5426	4
5428	3
5430	3
5434	5
5435	2
5436	33
5438	3
5440	2
5442	2
5443	2
5446	2
5447	2
5448	2
5460	2
5464	2
5465	2
5469	2
5471	2
5474	2
5481	2
5482	4
5487	2
5489	2
5492	2
5494	2
5499	2
5504	2
5506	2
5508	2
5509	2
5512	2
5519	2
5531	4
5534	2
5537	2
5543	2
5544	2
5545	2
5547	6
5548	2
5551	2
5553	2
5554	2
5555	2
5557	2
5561	2
5563	2
5565	2
5566	2
5569	2
5572	2
5584	2
5587	2
5588	5
5592	2
5594	2
5607	3
5609	3
5618	2
5619	3
5623	2
5625	2
5633	2
5636	2
5637	2
5638	2
5639	2
5644	2
5647	2
5650	2
5653	2
5656	2
5658	2
5659	5
5660	2
5661	2
5663	2
5668	2
5669	2
5673	2
5676	2
5682	2
5683	2
5684	2
5689	2
5693	2
5714	2
5715	2
5722	2
5728	2
5730	2
5735	2
5736	2
5737	2
5740	3
5741	2
5745	2
5747	5
5749	2
5750	2
5751	2
5757	2
5761	2
5762	3
5763	2
5765	2
5766	2
5771	2
5772	2
5777	2
5778	2
5781	2
5784	2
5785	2
5786	2
5787	2
5792	4
5796	2
5797	2
5799	2
5800	2
5801	2
5805	2
5810	2
5813	2
5817	2
5819	2
5820	2
5821	3
5824	2
5825	4
5826	3
5828	2
5833	2
5834	2
5835	2
5836	3
5845	2
5850	3
5856	2
5865	2
5866	2
5869	2
5875	2
5892	2
5899	2
5900	2
5919	2
5921	2
5929	2
5932	2
5933	2
5935	2
5938	5
5949	2
5952	2
5953	2
5954	2
5955	2
5978	2
5984	2
5985	2
5987	2
5991	2
5994	2
5999	2
6000	2
6018	2
6024	2
6026	2
6029	2
6030	2
6032	2
6033	2
6036	3
6037	2
6044	2
6048	2
6049	2
6050	4
6054	2
6057	2
6071	2
6073	3
6074	2
6076	2
6079	2
6081	2
6083	2
6086	2
6087	2
6088	2
6089	4
6090	2
6091	2
6096	2
6097	2
6098	2
6107	2
6113	3
6114	2
6115	2
6124	2
6129	2
6133	2
6150	2
6153	2
6169	2
6175	2
6179	2
6180	2
6188	3
6189	2
6198	2
6202	2
6211	3
6213	2
6214	2
6215	2
6216	2
6217	3
6219	3
6223	2
6228	3
6230	3
6232	2
6235	2
6236	2
6239	2
6240	2
6241	2
6242	2
6243	2
6249	2
6250	5
6251	2
6252	2
6253	2
6254	2
6257	2
6258	3
6259	2
6260	2
6267	2
6271	2
6272	2
6276	3
6277	2
6280	2
6281	2
6282	2
6283	2
6287	3
6293	2
6294	2
6295	3
6299	2
6303	2
6304	2
6305	2
6310	2
6313	2
6317	2
6319	2
6320	2
6321	3
6327	6
6328	2
6329	3
6331	3
6332	2
6333	2
6334	2
6336	2
6337	2
6339	2
6340	2
6341	3
6343	2
6347	2
6348	2
6349	2
6351	2
6352	2
6356	2
6358	2
6359	2
6361	3
6362	2
6365	2
6367	2
6368	2
6369	2
6370	2
6371	2
6375	2
6378	3
6379	2
6380	2
6383	2
6384	2
6385	2
6386	3
6389	4
6390	2
6392	2
6394	3
6395	2
6397	2
6398	2
6409	2
6410	2
6411	3
6412	2
6413	2
6414	2
6415	2
6417	4
6418	2
6425	2
6426	5
6427	2
6428	2
6430	4
6431	2
6432	5
6433	12
6434	2
6435	12
6436	4
6437	3
6439	2
6441	2
6444	3
6445	2
6447	2
6452	2
6459	4
6464	2
6465	2
6472	2
6474	2
6478	2
6479	2
6484	2
6492	2
6493	2
6497	2
6500	2
6501	3
6502	2
6503	3
6504	2
6506	2
6507	2
6508	2
6509	2
6511	2
6515	3
6517	2
6518	2
6519	2
6521	3
6528	3
6529	2
6530	2
6535	2
6540	2
6542	2
6543	2
6545	3
6546	3
6547	2
6549	2
6550	2
6555	2
6556	2
6557	2
6567	2
6568	2
6569	2
6570	3
6571	2
6579	4
6581	2
6582	2
6585	2
6589	2
6595	2
6596	2
6598	2
6599	2
6600	2
6601	2
6602	2
6604	2
6607	2
6608	2
6613	2
6615	2
6619	2
6630	2
6633	6
6636	2
6639	2
6641	6
6643	2
6645	2
6646	2
6647	2
6650	3
6658	2
6664	2
6668	2
6669	3
6671	3
6673	2
6674	2
6675	2
6676	2
6677	2
6678	2
6681	2
6683	2
6684	4
6685	2
6686	2
6692	2
6693	2
6695	3
6699	3
6702	4
6703	3
6705	2
6708	10
6709	4
6710	3
6712	3
6713	2
6715	2
6718	3
6719	2
6728	2
6735	2
6736	2
6737	2
6738	2
6739	2
6748	2
6749	2
6750	3
6751	2
6755	2
6760	2
6762	2
6763	3
6767	2
6772	2
6773	2
6775	2
6778	2
6779	2
6782	2
6785	2
6787	2
6789	2
6790	2
6792	2
6800	2
6805	2
6807	5
6808	2
6809	2
6811	2
6813	3
6814	2
6817	2
6818	2
6821	3
6822	2
6823	2
6828	2
6829	2
6831	2
6833	2
6835	3
6839	2
6840	3
6841	2
6846	2
6848	2
6849	2
6850	3
6851	2
6852	2
6853	2
6854	2
6856	2
6862	2
6864	3
6867	2
6873	2
6875	3
6877	2
6879	2
6881	3
6882	2
6883	2
6885	2
6887	2
6889	2
6890	3
6891	2
6893	2
6894	2
6902	2
6903	2
6906	5
6907	2
6911	2
6915	2
6919	2
6921	2
6924	2
6928	2
6929	2
6930	2
6931	2
6932	2
6933	2
6934	2
6936	2
6938	2
6943	2
6946	5
6947	2
6950	2
6951	4
6953	2
6962	3
6963	2
6965	5
6966	4
6968	2
6969	2
6971	2
6972	2
6975	2
6977	2
6978	2
6979	2
6980	2
6982	2
6984	2
6989	2
6990	2
6994	4
6996	6
7001	3
7003	2
7006	3
7009	2
7010	2
7017	2
7018	2
7019	3
7020	2
7021	2
7026	2
7027	2
7031	2
7033	2
7043	2
7045	2
7055	2
7065	2
7067	2
7069	2
7070	2
7071	3
7077	2
7080	6
7083	2
7087	2
7090	2
7092	2
7094	2
7096	2
7099	2
7102	2
7106	2
7107	2
7108	2
7109	2
7113	2
7114	2
7117	2
7120	2
7126	2
7128	10
7129	2
7136	2
7148	2
7153	2
7171	2
7172	2
7173	2
7176	4
7177	2
7182	2
7185	2
7187	2
7188	2
7189	2
7193	2
7196	2
7198	2
7204	2
7205	2
7209	2
7210	2
7211	2
7212	2
7215	2
7216	2
7217	5
7224	2
7226	2
7227	2
7228	2
7229	2
7230	2
7231	2
7232	2
7233	2
7237	2
7238	2
7241	2
7246	2
7247	2
7249	2
7250	2
7251	2
7252	2
7253	2
7255	3
7259	2
7263	2
7264	2
7269	2
7271	2
7272	4
7273	5
7275	3
7278	2
7281	3
7284	2
7287	2
7288	2
7289	2
7292	2
7293	2
7294	4
7298	2
7299	2
7302	2
7307	2
7311	2
7315	2
7319	2
7321	2
7322	2
7324	3
7325	2
7328	2
7330	2
7333	3
7334	3
7335	2
7337	2
7338	2
7339	2
7343	2
7345	4
7346	2
7348	2
7350	2
7354	3
7356	2
7357	2
7359	2
7360	2
7365	2
7366	2
7367	2
7368	2
7369	2
7371	2
7372	2
7375	4
7376	2
7377	2
7380	2
7383	2
7385	2
7387	2
7390	3
7391	28
7392	9
7393	6
7397	2
7398	2
7400	2
7403	2
7404	2
7411	2
7412	2
7413	2
7414	2
7415	2
7420	2
7423	2
7424	2
7429	2
7433	2
7436	2
7438	3
7439	4
7442	2
7449	2
7455	4
7456	2
7458	3
7459	2
7460	2
7462	2
7464	2
7465	2
7466	2
7469	2
7470	2
7472	2
7482	2
7483	2
7484	2
7488	2
7496	2
7497	2
7501	2
7504	2
7509	2
7510	2
7511	2
7513	2
7514	2
7520	2
7523	2
7524	2
7525	2
7530	2
7531	2
7539	2
7540	2
7541	2
7545	2
7548	2
7554	2
7558	2
7559	2
7563	2
7565	2
7566	2
7567	2
7569	2
7571	2
7573	2
7574	2
7575	2
7576	2
7578	2
7579	2
7580	2
7581	2
7582	2
7586	2
7591	2
7594	2
7599	2
7600	2
7602	2
7605	2
7608	2
7612	2
7616	2
7618	2
7619	2
7620	2
7626	2
7628	2
7630	5
7632	2
7633	2
7637	2
7638	2
7639	2
7641	2
7643	3
7646	3
7651	2
7652	3
7653	2
7655	2
7666	2
7667	2
7669	2
7674	2
7678	2
7679	2
7683	3
7684	2
7685	2
7687	2
7689	3
7691	2
7692	2
7693	2
7701	2
7704	4
7705	2
7711	5
7714	3
7717	2
7718	2
7719	3
7720	2
7721	2
7722	2
7725	2
7729	2
7731	3
7733	2
7735	2
7736	3
7737	2
7739	2
7744	2
7747	2
7748	9
7749	3
7752	2
7755	2
7756	2
7757	2
7758	2
7759	8
7769	2
7770	7
7772	5
7773	2
7774	8
7775	3
7777	2
7780	3
7781	2
7782	2
7784	6
7785	3
7786	3
7787	4
7788	2
7790	2
7793	4
7794	4
7795	2
7797	2
7798	2
7800	2
7802	2
7803	2
7804	2
7806	2
7807	22
7808	5
7809	3
7810	3
7813	3
7819	2
7820	3
7823	2
7824	2
7828	3
7833	2
7834	2
7835	2
7837	2
7838	3
7839	2
7841	3
7843	2
7845	7
7846	3
7849	2
7850	2
7851	3
7852	2
7853	2
7856	2
7857	2
7859	3
7860	5
7862	3
7864	3
7865	3
7866	3
7867	2
7868	3
7870	2
7871	2
7873	3
7874	3
7875	3
7876	3
7878	2
7880	3
7885	2
7887	2
7888	2
7889	2
7890	4
7891	5
7892	4
7893	2
7895	2
7896	2
7898	2
7900	2
7902	3
7904	2
7907	4
7908	9
7909	4
7913	2
7914	6
7915	4
7916	2
7918	3
7919	6
7920	2
7921	2
7925	2
7926	7
7929	2
7931	5
7932	2
7933	4
7937	2
7938	2
7940	2
7941	4
7942	5
7943	2
7944	4
7945	2
7946	3
7947	2
7949	2
7950	11
7952	7
7954	2
7955	19
7957	2
7958	2
7960	4
7962	2
7963	2
7964	4
7966	2
7968	2
7969	2
7970	4
7972	6
7973	2
7976	6
7977	3
7978	3
7979	3
7980	11
7981	2
7984	4
7985	3
7986	7
7987	2
7988	2
7989	2
7990	2
7992	3
7994	2
7995	9
7996	2
7998	4
7999	2
8000	2
8002	6
8003	3
8004	5
8005	2
8006	11
8007	3
8008	2
8010	5
8011	2
8012	4
8013	3
8014	2
8017	3
8020	5
8021	3
8022	3
8023	6
8024	3
8025	10
8027	2
8030	4
8032	5
8033	2
8034	3
8035	4
8038	2
8039	2
8040	2
8041	2
8042	5
8045	8
8046	3
8047	15
8048	2
8049	7
8050	4
8053	2
8054	13
8055	2
8056	2
8057	5
8058	3
8061	2
8062	2
8064	2
8066	2
8067	2
8068	4
8070	3
8071	2
8072	5
8076	2
8078	2
8079	2
8082	2
8083	2
8084	3
8086	3
8087	4
8088	6
8089	2
8090	3
8094	11
8095	2
8096	2
8097	5
8103	2
8105	4
8106	2
8107	2
8109	2
8110	2
8111	3
8112	2
8116	15
8117	2
8118	2
8119	4
8120	2
8121	3
8122	2
8124	2
8125	6
8131	2
8132	9
8133	2
8134	5
8135	2
8136	2
8137	3
8138	2
8139	2
8140	5
8142	2
8146	2
8147	6
8153	2
8155	2
8156	8
8157	2
8158	3
8165	4
8167	2
8168	2
8172	2
8173	4
8174	3
8175	2
8176	3
8177	3
8178	2
8179	2
8182	2
8183	3
8185	2
8188	2
8189	2
8190	2
8193	4
8194	10
8195	4
8196	3
8198	2
8199	2
8201	2
8202	2
8203	2
8205	2
8206	2
8211	4
8213	3
8214	3
8215	4
8216	3
8218	2
8219	2
8222	2
8223	4
8226	3
8227	2
8228	2
8229	4
8235	3
8237	2
8240	2
8242	3
8246	14
8247	2
8248	28
8249	5
8250	4
8251	3
8252	39
8253	53
8254	3
8258	6
8259	12
8260	4
8262	2
8263	15
8266	4
8267	2
8269	2
8271	2
8272	2
8273	2
8276	3
8278	2
8280	17
8281	29
8284	4
8288	2
8289	9
8290	2
8291	3
8293	7
8294	9
8295	3
8297	6
8298	2
8299	3
8305	2
8307	19
8311	2
8313	2
8314	4
8315	3
8317	2
8318	2
8319	2
8320	5
8321	4
8323	2
8324	2
8327	2
8329	4
8330	2
8331	2
8332	2
8333	2
8334	2
8335	2
8337	2
8341	2
8344	2
8346	2
8347	3
8352	2
8353	2
8355	2
8357	2
8361	2
8362	14
8363	3
8364	2
8365	2
8369	6
8370	2
8371	3
8373	2
8375	2
8377	2
8378	2
8379	3
8383	3
8385	2
8386	3
8388	2
8389	2
8392	4
8394	3
8395	9
8396	2
8397	3
8398	6
8399	3
8400	2
8402	14
8403	2
8406	5
8409	3
8411	5
8412	2
8413	2
8415	2
8416	7
8417	2
8418	2
8419	2
8420	2
8423	2
8424	4
8425	2
8426	3
8427	2
8428	5
8429	2
8430	2
8431	4
8436	3
8437	6
8438	2
8441	2
8442	2
8445	2
8446	2
8447	2
8448	24
8449	2
8450	3
8451	2
8452	2
8454	2
8455	2
8457	6
8458	4
8459	2
8460	2
8462	2
8463	3
8466	2
8467	2
8469	2
8470	3
8471	2
8474	3
8478	2
8479	10
8480	5
8486	2
8488	2
8489	2
8491	2
8492	2
8493	4
8495	6
8497	2
8498	2
8500	2
8502	7
8503	2
8504	2
8508	2
8512	2
8514	2
8515	7
8516	4
8517	6
8518	2
8520	2
8522	2
8523	3
8524	2
8525	3
8526	9
8527	2
8528	9
8529	2
8531	2
8537	3
8538	2
8540	2
8541	2
8542	3
8545	3
8547	2
8548	2
8549	6
8550	3
8551	2
8553	2
8554	2
8555	4
8556	2
8561	3
8566	2
8567	2
8568	3
8569	5
8570	4
8577	5
8578	2
8579	4
8580	2
8581	2
8583	2
8586	4
8588	2
8589	2
8590	5
8591	2
8596	4
8597	3
8598	6
8599	7
8600	3
8601	2
8602	4
8603	2
8607	2
8609	5
8610	3
8611	2
8612	5
8613	2
8614	3
8615	2
8617	4
8618	5
8619	7
8620	2
8622	2
8624	4
8632	9
8637	2
8645	2
8646	2
8647	2
8654	2
8655	2
8656	13
8657	17
8658	3
8664	3
8666	2
8667	2
8669	3
8673	12
8674	3
8675	4
8676	2
8678	2
8680	2
8684	5
8686	2
8688	5
8689	3
8690	3
8692	5
8694	2
8695	2
8697	2
8698	2
8699	5
8700	6
8701	5
8702	3
8703	5
8710	3
8715	2
8716	4
8719	3
8721	3
8725	2
8726	2
8729	2
8731	2
8733	2
8734	4
8737	4
8740	2
8742	2
8743	2
8745	9
8746	3
8747	2
8749	2
8752	2
8753	2
8755	3
8756	2
8757	4
8758	2
8761	2
8764	2
8765	3
8767	2
8772	3
8774	2
8778	2
8780	5
8781	2
8785	2
8787	2
8790	3
8791	5
8792	3
8793	2
8799	2
8800	4
8803	3
8804	2
8805	6
8806	4
8807	2
8809	3
8810	2
8813	5
8814	3
8815	2
8818	2
8819	2
8820	5
8821	2
8822	2
8823	2
8824	2
8825	6
8826	2
8833	2
8834	2
8837	6
8838	2
8839	2
8843	2
8846	2
8848	3
8852	3
8853	2
8854	2
8856	2
8857	6
8860	2
8862	3
8865	3
8866	8
8868	2
8869	2
8872	3
8873	6
8874	3
8875	2
8876	2
8877	2
8878	7
8880	3
8881	4
8882	4
8890	4
8892	2
8893	3
8894	4
8895	2
8898	3
8899	2
8900	2
8901	2
8908	2
8909	4
8910	2
8913	3
8914	2
8916	2
8918	2
8920	2
8921	2
8923	2
8924	2
8927	2
8931	2
8933	2
8934	2
8936	2
8937	2
8938	2
8939	3
8945	8
8946	2
8947	3
8948	9
8949	8
8950	2
8954	2
8958	3
8959	3
8960	4
8964	2
8965	5
8966	2
8967	2
8968	2
8969	2
8973	3
8975	2
8976	4
8977	2
8978	2
8979	2
8982	2
8983	2
8984	2
8985	2
8988	5
8989	6
8990	3
8993	2
8994	2
8995	2
8996	2
8997	2
8999	2
9000	3
9002	2
9003	2
9004	4
9007	5
9008	2
9013	5
9015	3
9016	6
9019	2
9025	2
9028	2
9029	2
9030	2
9031	2
9032	2
9033	2
9037	3
9039	4
9040	2
9042	2
9043	3
9047	6
9049	2
9050	4
9051	2
9056	2
9057	2
9061	2
9062	3
9065	2
9066	2
9067	4
9073	2
9076	4
9077	2
9080	2
9081	3
9082	3
9083	2
9087	7
9089	2
9090	2
9094	2
9096	4
9097	2
9098	5
9099	2
9101	2
9104	2
9105	2
9108	3
9109	3
9110	2
9114	3
9115	2
9116	2
9121	2
9122	2
9123	3
9124	2
9125	2
9127	2
9129	2
9130	4
9131	3
9132	3
9134	6
9136	2
9137	2
9138	2
9139	2
9140	2
9141	2
9142	2
9143	3
9144	2
9146	2
9148	9
9149	2
9150	2
9152	2
9153	2
9154	2
9156	2
9157	2
9158	2
9159	3
9160	2
9162	3
9164	5
9166	3
9167	2
9169	2
9170	2
9171	2
9175	2
9180	2
9181	2
9184	2
9185	2
9186	2
9187	3
9188	3
9192	2
9193	5
9194	3
9196	2
9197	3
9200	2
9202	2
9203	10
9204	5
9207	3
9208	2
9209	2
9210	2
9214	3
9217	2
9218	2
9220	3
9222	2
9225	5
9226	2
9228	3
9230	2
9231	5
9238	4
9239	2
9240	3
9244	2
9246	2
9248	2
9249	3
9250	2
9251	3
9253	2
9255	4
9258	3
9265	2
9266	2
9268	2
9272	2
9277	4
9278	2
9279	2
9282	3
9283	2
9284	2
9285	2
9286	2
9288	2
9289	2
9290	2
9291	3
9292	2
9293	2
9294	2
9296	2
9301	3
9304	2
9307	3
9308	5
9309	5
9310	3
9313	2
9316	2
9319	33
9321	3
9323	2
9325	2
9327	2
9331	2
9332	5
9333	2
9334	10
9335	2
9337	3
9338	2
9339	2
9342	2
9343	3
9345	2
9346	2
9347	2
9351	2
9352	3
9353	3
9354	6
9358	2
9359	5
9361	2
9362	7
9364	2
9365	2
9366	2
9370	2
9371	2
9372	2
9373	2
9374	2
9375	2
9376	3
9377	2
9378	4
9380	2
9381	2
9384	3
9385	2
9389	3
9390	2
9391	2
9395	2
9396	9
9399	2
9400	2
9402	2
9403	2
9405	3
9407	3
9408	13
9409	2
9410	2
9411	2
9415	4
9416	3
9417	2
9418	2
9420	3
9421	2
9423	2
9424	2
9425	2
9428	2
9429	2
9430	2
9431	2
9432	2
9434	2
9437	2
9438	2
9439	5
9440	2
9441	2
9443	2
9444	2
9445	2
9447	3
9448	4
9452	3
9455	2
9459	4
9461	2
9465	2
9467	2
9468	2
9470	2
9474	3
9476	9
9478	2
9479	4
9480	2
9481	2
9482	2
9483	2
9484	2
9485	2
9491	3
9493	2
9494	2
9495	2
9496	3
9499	5
9500	2
9501	2
9505	2
9506	2
9507	5
9510	3
9511	2
9512	2
9513	3
9517	2
9518	3
9520	2
9521	3
9523	2
9524	2
9526	3
9527	2
9528	4
9529	2
9534	2
9536	7
9540	3
9543	9
9545	5
9546	3
9548	2
9550	2
9551	2
9552	2
9553	3
9554	2
9555	4
9557	2
9558	2
9561	2
9565	2
9567	2
9571	2
9577	3
9578	3
9585	2
9586	3
9587	3
9590	2
9591	3
9593	2
9594	2
9598	3
9599	3
9611	2
9612	4
9613	3
9615	3
9616	2
9617	3
9620	2
9621	3
9622	5
9623	4
9625	2
9626	2
9628	2
9629	2
9632	2
9636	2
9640	2
9646	2
9647	10
9649	3
9650	2
9651	4
9656	2
9662	3
9663	2
9665	2
9666	3
9669	2
9670	2
9672	2
9673	2
9675	2
9676	6
9678	5
9680	2
9681	2
9682	3
9684	2
9686	2
9687	2
9688	2
9689	2
9690	2
9691	2
9692	2
9694	2
9704	2
9706	3
9707	4
9708	2
9710	2
9714	2
9715	2
9718	3
9719	2
9720	2
9721	2
9723	2
9725	2
9726	2
9727	3
9730	2
9732	2
9733	2
9736	2
9738	2
9742	2
9743	2
9745	2
9746	2
9748	2
9749	2
9751	2
9752	2
9753	2
9755	2
9758	2
9760	2
9765	4
9766	3
9769	2
9770	4
9771	2
9773	2
9774	2
9775	2
9776	2
9783	2
9787	2
9790	2
9792	2
9794	2
9795	2
9797	4
9798	2
9800	2
9804	5
9807	2
9809	6
9811	2
9812	3
9813	2
9814	3
9815	6
9816	2
9822	2
9823	3
9825	2
9826	3
9830	2
9831	2
9832	3
9833	2
9834	3
9836	2
9839	2
9840	2
9841	3
9842	2
9844	2
9847	2
9849	2
9850	2
9851	2
9853	2
9857	2
9859	2
9860	2
9861	2
9862	2
9863	4
9864	3
9865	3
9866	2
9867	3
9868	2
9869	2
9872	2
9878	2
9879	2
9882	2
9885	2
9887	2
9889	2
9890	3
9891	2
9894	2
9897	2
9899	2
9900	5
9903	2
9904	2
9905	2
9908	2
9910	2
9912	2
9929	2
9930	3
9934	2
9935	2
9936	5
9942	2
9943	2
9947	2
9954	2
9955	2
9958	2
9962	2
9973	2
9974	2
9975	2
9979	2
9980	2
9981	2
9984	2
9988	2
9991	2
9992	2
9993	2
9994	2
9995	2
9998	2
10000	2
10002	2
10008	3
10013	3
10017	2
10026	3
10027	2
10030	2
10032	2
10034	2
10037	2
10039	2
10042	2
10046	2
10048	2
10051	2
10053	2
10055	3
10056	2
10057	2
10059	2
10060	2
10065	3
10067	3
10069	2
10074	5
10076	2
10079	3
10082	2
10085	2
10086	2
10087	2
10088	23
10089	4
10090	2
10091	4
10093	3
10098	2
10099	2
10100	2
10101	2
10102	2
10103	2
10106	2
10107	2
10108	2
10111	2
10112	2
10118	4
10119	2
10122	2
10124	2
10130	2
10132	5
10134	3
10142	2
10143	2
10144	2
10148	2
10150	3
10151	2
10153	2
10154	2
10156	2
10160	2
10164	2
10169	2
10172	2
10179	2
10183	2
10189	2
10190	2
10197	2
10200	2
10201	2
10203	2
10206	2
10208	2
10210	3
10212	3
10214	3
10215	3
10216	3
10217	2
10219	2
10220	3
10222	2
10231	3
10235	2
10237	2
10245	2
10246	2
10250	3
10253	2
10256	2
10258	2
10262	2
10263	2
10265	2
10270	2
10271	2
10275	2
10277	2
10280	2
10281	3
10282	2
10283	3
10284	3
10285	2
10286	2
10290	2
10291	2
10293	2
10295	2
10296	6
10297	2
10299	3
10302	2
10303	7
10304	2
10307	2
10308	2
10315	2
10317	3
10318	2
10320	2
10325	2
10326	2
10327	2
10328	2
10330	2
10331	2
10334	2
10335	2
10339	2
10340	2
10342	2
10344	2
10354	2
10355	2
10356	2
10359	2
10360	2
10361	2
10362	2
10363	2
10366	2
10369	2
10371	2
10375	2
10383	2
10389	2
10390	2
10391	2
10392	2
10393	2
10395	2
10397	2
10401	2
10402	2
10405	3
10406	4
10407	3
10409	2
10410	2
10411	2
10413	2
10417	3
10421	2
10423	2
10425	2
10428	2
10433	2
10434	2
10435	2
10436	2
10441	4
10442	2
10443	2
10444	2
10446	3
10450	2
10457	2
10458	4
10460	2
10461	2
10464	2
10466	2
10470	2
10473	4
10476	2
10480	3
10483	2
10485	2
10489	2
10490	2
10492	2
10493	2
10495	3
10498	2
10504	2
10509	2
10510	2
10511	4
10513	2
10515	2
10516	2
10518	2
10531	2
10534	2
10542	2
10550	2
10551	2
10553	2
10561	2
10565	2
10568	2
10570	2
10571	2
10579	2
10580	3
10581	2
10582	3
10583	4
10584	2
10589	2
10590	2
10591	3
10594	3
10597	2
10598	2
10599	2
10600	3
10602	4
10603	2
10604	2
10606	2
10609	8
10612	2
10616	4
10620	2
10622	3
10623	2
10624	2
10628	2
10630	2
10636	3
10639	4
10641	2
10643	3
10646	2
10648	4
10649	3
10650	5
10651	2
10652	2
10653	2
10654	7
10655	9
10657	10
10659	4
10660	4
10662	4
10665	2
10666	2
10667	2
10668	4
10670	2
10673	2
10677	4
10678	2
10679	2
10680	2
10681	2
10682	3
10685	2
10686	5
10689	2
10692	2
10693	3
10695	2
10696	2
10697	2
10699	2
10700	5
10703	3
10704	2
10706	2
10708	4
10709	2
10710	3
10712	2
10713	4
10716	3
10718	2
10721	2
10722	2
10723	2
10724	5
10725	2
10726	3
10730	3
10732	2
10733	2
10739	2
10741	2
10743	2
10746	2
10747	4
10748	3
10753	2
10754	2
10756	2
10757	18
10758	2
10759	14
10761	3
10767	2
10768	2
10770	7
10772	6
10775	3
10778	3
10780	3
10782	2
10783	2
10785	2
10786	2
10787	2
10788	2
10789	2
10792	2
10793	2
10794	2
10798	2
10800	2
10803	2
10808	3
10809	3
10812	7
10813	2
10814	5
10815	2
10817	2
10818	2
10823	2
10824	2
10825	3
10826	2
10827	2
10829	2
10832	2
10834	3
10835	2
10836	2
10840	6
10841	2
10842	4
10845	2
10846	2
10848	2
10849	3
10850	2
10851	2
10853	2
10855	2
10856	2
10857	2
10859	3
10862	2
10867	2
10868	6
10872	2
10874	4
10876	2
10878	2
10879	2
10880	2
10882	2
10883	3
10884	2
10890	3
10891	2
10895	2
10896	2
10897	2
10899	2
10900	5
10906	2
10909	2
10910	2
10913	2
10915	3
10916	4
10917	2
10918	2
10921	2
10922	2
10923	3
10924	2
10925	5
10926	2
10927	3
10929	2
10931	2
10932	2
10933	2
10936	2
10937	2
10939	2
10940	4
10942	2
10943	2
10945	2
10946	2
10948	3
10949	2
10950	2
10951	3
10952	2
10954	3
10958	2
10959	2
10961	2
10965	2
10966	4
10968	2
10969	2
10970	2
10971	2
10972	2
10974	2
10978	2
10981	2
10983	3
10986	2
10987	2
10988	2
10989	2
10995	2
10996	2
10999	2
11002	3
11003	4
11004	2
11006	2
11009	4
11010	2
11011	2
11012	2
11014	2
11015	10
11016	3
11017	2
11018	2
11023	2
11029	2
11032	2
11035	2
11038	2
11039	2
11045	3
11047	2
11051	2
11055	2
11059	2
11060	2
11064	2
11080	2
11082	8
11084	3
11085	3
11086	2
11098	2
11099	2
11100	2
11101	2
11102	2
11104	2
11119	2
11120	5
11121	25
11122	3
11123	11
11124	2
11125	11
11126	3
11127	3
11128	3
11129	2
11131	2
11132	2
11136	2
11139	2
11140	6
11141	2
11143	2
11145	2
11146	2
11147	2
11148	3
11149	2
11154	2
11155	2
11157	2
11161	3
11167	2
11169	2
11170	2
11173	2
11174	3
11175	3
11176	2
11177	3
11179	2
11180	2
11181	2
11183	2
11186	2
11187	2
11189	2
11190	2
11191	3
11192	2
11193	2
11197	2
11198	2
11201	2
11202	2
11204	2
11205	2
11206	2
11207	2
11209	2
11212	5
11215	2
11217	2
11222	3
11223	2
11230	2
11232	2
11233	2
11234	2
11238	8
11243	2
11244	2
11245	2
11246	2
11248	2
11251	2
11253	2
11256	2
11259	2
11263	2
11264	2
11267	4
11268	4
11269	3
11270	2
11271	2
11272	2
11273	2
11277	2
11278	19
11284	2
11287	2
11288	2
11289	3
11301	2
11303	2
11304	2
11305	2
11306	2
11310	2
11311	2
11314	2
11318	3
11320	2
11321	2
11322	2
11323	3
11325	2
11333	2
11335	2
11337	2
11339	2
11340	2
11343	2
11344	3
11345	2
11346	3
11349	2
11360	2
11364	2
11366	2
11367	2
11370	2
11371	3
11372	2
11373	2
11377	2
11379	2
11382	2
11384	2
11385	3
11388	7
11389	2
11390	7
11393	2
11395	2
11398	2
11401	2
11402	2
11408	2
11409	2
11412	2
11420	4
11434	2
11435	2
11438	2
11443	2
11444	2
11445	2
11446	2
11447	2
11448	2
11449	3
11450	2
11452	2
11453	2
11456	2
11460	2
11461	2
11462	2
11465	2
11466	3
11467	2
11473	2
11474	2
11475	2
11478	2
11479	2
11481	2
11482	2
11483	2
11490	2
11491	2
11492	3
11495	3
11502	3
11503	2
11505	2
11508	2
11512	2
11513	2
11514	2
11515	2
11516	2
11517	2
11519	2
11522	2
11524	4
11525	2
11527	2
11528	2
11531	2
11533	2
11535	2
11536	2
11538	2
11542	3
11543	4
11544	2
11551	2
11553	2
11554	2
11555	2
11556	7
11557	6
11561	3
11567	2
11568	2
11570	2
11575	2
11578	2
11579	2
11583	2
11584	3
11585	2
11589	2
11591	2
11592	2
11595	2
11597	2
11602	2
11603	2
11604	2
11605	4
11609	2
11610	2
11613	2
11617	2
11618	2
11623	2
11625	2
11627	2
11628	2
11629	2
11630	2
11631	2
11632	2
11634	2
11636	3
11638	2
11640	2
11641	2
11644	2
11646	2
11647	2
11655	2
11661	2
11671	2
11674	2
11698	2
11699	2
11702	2
11705	2
11712	2
11715	4
11727	2
11728	2
11733	2
11735	2
11737	8
11738	2
11743	2
11744	2
11745	2
11749	2
11756	2
11759	2
11764	2
11765	2
11770	2
11774	2
11786	2
11790	2
11791	3
11792	3
11794	2
11796	2
11797	2
11798	3
11799	5
11806	2
11809	2
11810	2
11813	2
11820	3
11821	3
11822	2
11823	3
11824	3
11827	2
11833	4
11838	2
11839	2
11843	2
11846	2
11852	2
11854	5
11855	3
11856	3
11857	2
11860	2
11863	2
11864	3
11868	2
11877	3
11880	2
11881	2
11886	2
11887	3
11888	3
11892	2
11898	2
11900	2
11901	2
11902	2
11903	2
11904	2
11907	2
11908	2
11909	2
11910	2
11913	2
11914	3
11915	2
11918	3
11919	3
11925	2
11928	2
11929	2
11930	2
11931	2
11934	2
11943	2
11948	2
11950	3
11951	2
11952	2
11955	2
11956	4
11960	2
11961	2
11965	2
11966	2
11967	2
11968	3
11970	2
11971	2
11974	2
11976	2
11977	2
11978	3
11979	2
11980	3
11981	2
11983	2
11984	3
11989	2
11990	3
11991	2
11992	2
11993	2
11996	2
11998	2
12003	2
12005	2
12007	2
12008	2
12010	2
12017	2
12018	2
12022	2
12026	2
12028	2
12031	2
12033	2
12034	2
12036	2
12037	2
12043	2
12044	2
12045	2
12046	2
12047	2
12048	2
12049	2
12050	2
12051	2
12052	2
12053	2
12056	2
12057	2
12058	2
12059	2
12060	2
12061	3
12066	2
12070	2
12071	4
12072	2
12073	3
12075	3
12078	4
12079	2
12082	2
12083	4
12088	2
12090	2
12091	2
12098	2
12099	2
12100	2
12106	2
12110	2
12112	2
12119	2
12122	2
12127	2
12128	2
12129	2
12138	2
12139	3
12140	2
12142	6
12144	2
12145	2
12147	2
12149	2
12152	2
12154	2
12155	2
12156	2
12157	2
12159	2
12161	3
12163	2
12164	2
12168	3
12173	2
12174	2
12175	2
12178	2
12184	2
12188	2
12194	2
12196	2
12197	3
12202	2
12205	2
12206	2
12209	2
12212	2
12214	2
12218	2
12230	2
12234	3
12237	2
12238	3
12239	2
12242	2
12244	2
12250	2
12255	2
12256	3
12259	2
12260	3
12261	2
12263	2
12264	4
12266	3
12267	3
12270	2
12274	2
12278	2
12279	5
12280	2
12282	2
12283	2
12284	2
12287	2
12288	2
12291	2
12299	2
12300	2
12301	2
12303	2
12305	2
12307	4
12309	6
12310	2
12315	2
12318	2
12320	2
12321	2
12322	2
12326	2
12329	4
12330	2
12337	2
12341	2
12342	2
12343	2
12344	2
12345	2
12352	2
12353	2
12355	3
12357	2
12359	2
12361	2
12362	2
12365	2
12368	2
12370	2
12373	2
12374	2
12377	2
12379	2
12380	2
12388	2
12409	2
12410	2
12413	2
12414	2
12418	2
12421	2
12427	2
12428	2
12429	2
12430	2
12434	3
12437	2
12439	2
12442	2
12443	2
12446	2
12449	2
12452	2
12453	2
12457	3
12458	2
12460	2
12463	2
12465	2
12467	2
12468	3
12474	2
12475	2
12478	2
12481	2
12483	2
12485	2
12488	2
12494	3
12495	2
12496	18
12497	2
12499	4
12503	2
12505	2
12507	2
12510	2
12514	2
12516	5
12518	3
12522	2
12527	3
12528	2
12531	2
12532	2
12533	2
12541	2
12545	2
12551	2
12552	3
12553	2
12555	4
12557	2
12559	2
12560	2
12564	3
12568	2
12571	4
12572	2
12574	2
12576	2
12577	3
12578	2
12582	2
12583	2
12591	3
12592	2
12602	2
12604	12
12605	2
12606	5
12610	2
12614	3
12615	7
12620	2
12631	2
12632	2
12636	2
12639	2
12640	2
12641	2
12642	2
12647	2
12651	3
12658	2
12659	2
12662	2
12663	2
12667	2
12668	2
12673	2
12674	2
12676	2
12677	2
12678	2
12681	2
12688	2
12695	2
12697	2
12701	2
12704	2
12705	3
12707	3
12709	2
12711	2
12712	2
12718	5
12724	2
12730	2
12734	2
12740	2
12741	2
12742	2
12744	2
12746	2
12756	2
12761	2
12763	2
12769	3
12770	3
12773	2
12776	2
12777	2
12784	2
12786	2
12788	2
12793	4
12799	2
12800	2
12807	2
12808	2
12809	2
12810	2
12817	2
12819	2
12820	2
12823	2
12825	3
12826	2
12827	3
12829	2
12838	2
12839	3
12840	2
12841	2
12842	2
12843	2
12845	3
12846	2
12854	3
12855	2
12857	2
12858	2
12863	2
12864	2
12865	3
12866	4
12868	2
12871	3
12872	2
12873	2
12874	3
12875	2
12876	2
12877	2
12881	2
12884	2
12885	2
12887	2
12889	3
12890	3
12891	2
12892	2
12893	2
12895	2
12897	4
12899	2
12900	2
12902	2
12905	2
12906	2
12907	2
12908	2
12911	2
12914	2
12917	2
12919	2
12925	3
12929	4
12930	2
12935	2
12945	2
12950	2
12951	2
12954	2
12957	2
12958	2
12959	2
12969	2
12972	2
12974	2
12975	2
12977	4
12978	3
12982	2
12983	2
12984	2
12987	2
12989	2
12992	12
12993	2
12997	2
12998	2
12999	3
13000	2
13001	2
13002	2
13003	4
13004	2
13005	2
13006	3
13007	3
13008	2
13009	3
13010	2
13011	2
13012	2
13013	4
13016	2
13017	2
13020	2
13021	3
13024	3
13027	2
13029	3
13034	2
13039	2
13040	2
13043	2
13047	2
13050	2
13052	2
13055	2
13057	2
13058	2
13061	3
13062	2
13063	2
13064	2
13066	2
13068	2
13069	3
13070	2
13071	2
13072	2
13075	2
13076	8
13078	2
13083	5
13086	2
13088	2
13091	2
13093	2
13094	2
13097	3
13102	2
13105	2
13106	2
13107	2
13108	2
13110	2
13111	2
13115	2
13117	2
13118	2
13119	2
13120	2
13131	2
13133	2
13138	3
13139	2
13140	2
13143	2
13144	2
13145	2
13146	2
13148	2
13150	2
13151	2
13159	3
13160	2
13163	2
13164	2
13165	2
13168	2
13171	2
13175	2
13177	2
13182	2
13183	2
13185	2
13186	2
13188	3
13189	2
13192	2
13194	2
13195	2
13196	2
13197	2
13198	3
13199	2
13201	2
13203	2
13206	2
13208	2
13209	2
13210	2
13218	2
13219	2
13220	2
13222	2
13224	3
13225	2
13229	2
13231	4
13232	4
13233	3
13234	4
13236	2
13237	2
13242	2
13244	3
13248	2
13254	2
13265	3
13267	2
13268	2
13269	2
13270	2
13273	2
13276	2
13280	2
13281	2
13283	2
13285	2
13287	2
13288	2
13290	2
13291	2
13292	2
13296	2
13297	2
13298	2
13299	2
13300	2
13301	2
13302	2
13303	3
13304	2
13305	2
13306	2
13307	2
13308	3
13309	2
13310	2
13311	2
13312	2
13313	2
13314	2
13315	2
13316	2
13317	2
13318	2
13319	2
13320	2
13321	2
13322	2
13326	2
13327	2
13328	2
13336	2
13337	2
13340	2
13343	2
13358	2
13359	2
13364	2
13365	2
13368	2
13369	2
13370	2
13372	2
13373	2
13374	3
13378	2
13384	2
13397	2
13399	2
13405	2
13406	2
13409	2
13411	3
13414	2
13415	2
13418	2
13419	2
13420	2
13423	3
13426	2
13428	3
13429	4
13432	2
13433	2
13434	2
13436	2
13438	2
13439	2
13440	2
13443	2
13445	2
13446	2
13448	2
13450	4
13454	3
13455	3
13456	2
13457	2
13458	2
13459	6
13460	21
13461	4
13462	3
13467	2
13471	3
13476	2
13479	2
13480	2
13482	2
13483	2
13484	2
13497	2
13498	2
13500	3
13502	2
13503	2
13504	2
13506	2
13507	2
13511	3
13512	2
13517	3
13522	2
13523	3
13526	2
13527	2
13530	2
13542	2
13544	2
13546	2
13547	2
13550	2
13551	2
13556	2
13561	2
13562	2
13566	2
13567	3
13569	2
13571	2
13572	2
13575	2
13579	2
13580	2
13582	2
13583	2
13587	2
13588	2
13591	2
13596	2
13599	2
13605	3
13606	2
13607	2
13609	2
13611	2
13621	3
13622	4
13623	2
13624	2
13625	2
13626	2
13627	2
13629	2
13630	2
13631	2
13632	2
13633	2
13635	2
13637	2
13639	2
13640	3
13642	2
13644	2
13647	2
13648	2
13651	2
13655	2
13660	2
13661	2
13667	2
13668	2
13670	4
13672	2
13674	2
13676	5
13681	2
13682	2
13683	5
13684	2
13685	4
13687	2
13688	2
13689	2
13694	2
13695	2
13697	2
13701	3
13703	2
13704	2
13705	2
13706	3
13707	2
13708	2
13710	2
13714	2
13715	2
13716	2
13718	6
13719	2
13720	2
13721	2
13723	2
13724	2
13731	2
13732	3
13733	2
13735	2
13736	2
13738	2
13742	2
13743	2
13744	2
13746	2
13747	2
13748	3
13751	2
13752	2
13754	2
13758	2
13759	2
13761	2
13762	4
13763	2
13764	2
13765	2
13768	2
13770	2
13772	2
13773	2
13776	2
13780	5
13781	3
13783	2
13789	2
13790	2
13791	2
13796	2
13798	2
13801	2
13806	2
13809	2
13810	2
13811	3
13812	2
13815	2
13816	2
13818	2
13819	4
13823	6
13824	2
13825	3
13828	2
13829	3
13831	2
13832	2
13833	2
13834	2
13837	2
13839	2
13841	2
13843	2
13845	2
13852	2
13853	2
13854	2
13857	2
13860	2
13861	2
13863	2
13864	2
13865	2
13866	2
13869	4
13870	2
13872	2
13874	2
13879	2
13881	2
13882	3
13883	2
13884	2
13889	2
13890	2
13893	2
13894	2
13895	2
13896	2
13898	2
13905	2
13906	2
13908	2
13909	2
13910	2
13911	2
13913	2
13915	2
13919	2
13920	2
13922	2
13924	3
13927	2
13928	2
13930	2
13931	2
13932	2
13933	2
13935	2
13936	2
13939	2
13940	3
13941	2
13943	2
13944	2
13947	3
13948	2
13949	2
13950	3
13952	2
13953	2
13954	2
13956	2
13957	4
13958	2
13959	2
13962	2
13966	2
13972	5
13973	3
13974	2
13977	2
13979	2
13980	2
13981	2
13982	2
13983	5
13984	2
13986	3
13987	2
13992	2
13993	2
13994	6
14000	2
14001	2
14005	2
14006	2
14007	3
14008	3
14009	2
14010	7
14011	2
14013	2
14014	3
14016	2
14017	2
14018	2
14019	2
14020	2
14023	2
14024	5
14025	3
14026	6
14027	2
14028	2
14030	2
14031	2
14034	3
14035	2
14036	3
14038	2
14041	8
14044	2
14047	2
14050	2
14052	5
14054	2
14055	2
14058	2
14059	2
14063	2
14064	2
14065	2
14066	2
14067	2
14068	2
14069	2
14071	2
14073	2
14074	2
14076	3
14077	3
14079	3
14080	2
14081	2
14082	2
14084	2
14085	2
14086	2
14087	3
14088	2
14096	3
14097	2
14102	2
14103	2
14104	2
14105	4
14106	2
14111	2
14112	2
14113	2
14114	2
14115	3
14117	2
14118	2
14120	3
14123	2
14124	2
14129	3
14130	2
14132	2
14133	2
14134	2
14139	3
14143	2
14146	2
14147	3
14148	2
14153	3
14154	2
14157	3
14158	2
14163	2
14165	2
14166	2
14169	2
14170	10
14175	2
14177	2
14181	2
14185	2
14186	2
14187	2
14190	2
14193	2
14194	2
14199	2
14200	2
14201	2
14202	2
14205	3
14206	3
14207	2
14209	2
14210	3
14213	2
14215	2
14216	2
14217	2
14218	2
14224	2
14225	2
14228	2
14229	2
14232	2
14234	2
14238	2
14241	2
14242	2
14243	2
14245	2
14247	2
14248	2
14252	3
14255	2
14261	2
14267	2
14269	2
14276	2
14278	2
14279	2
14286	2
14290	2
14291	2
14292	7
14295	2
14296	3
14299	2
14300	2
14301	2
14308	2
14310	2
14313	2
14314	2
14316	2
14325	2
14327	2
14328	2
14330	4
14332	2
14333	2
14339	2
14340	6
14342	2
14343	2
14344	2
14346	2
14348	2
14349	2
14351	2
14352	2
14354	2
14356	4
14361	2
14363	2
14364	2
14365	2
14366	2
14369	3
14370	2
14371	2
14372	3
14373	2
14374	2
14375	3
14377	2
14378	2
14382	2
14383	2
14384	2
14385	2
14386	2
14389	2
14391	2
14393	2
14394	4
14396	2
14397	2
14398	7
14399	2
14402	3
14405	2
14406	3
14407	2
14410	2
14412	3
14413	3
14417	2
14419	2
14421	3
14422	2
14428	2
14430	2
14431	2
14433	3
14435	3
14436	2
14437	2
14440	2
14441	2
14443	2
14445	3
14446	2
14447	2
14451	2
14452	2
14454	2
14456	2
14457	2
14458	2
14461	3
14462	2
14464	3
14465	2
14471	2
14473	2
14475	2
14479	3
14480	2
14483	2
14484	2
14485	2
14486	2
14496	2
14498	2
14499	2
14500	2
14501	2
14502	2
14503	2
14507	2
14509	2
14512	3
14513	2
14517	2
14519	2
14520	2
14521	2
14522	2
14523	2
14524	2
14526	2
14527	2
14528	3
14529	2
14533	2
14536	2
14538	2
14539	2
14541	2
14546	2
14550	2
14551	2
14554	2
14556	2
14557	2
14559	2
14560	2
14561	3
14564	2
14567	2
14569	2
14571	3
14574	2
14576	2
14581	3
14582	2
14583	2
14584	2
14587	2
14589	2
14590	2
14592	2
14593	2
14595	2
14597	2
14598	2
14599	2
14603	2
14605	2
14608	2
14610	2
14612	2
14613	2
14614	2
14616	4
14617	2
14619	3
14620	3
14622	3
14623	2
14624	2
14626	2
14629	2
14635	2
14639	4
14641	4
14643	3
14644	2
14645	2
14651	2
14656	2
14657	2
14660	2
14662	2
14664	2
14665	2
14666	4
14667	2
14668	2
14669	2
14670	5
14675	2
14676	2
14679	2
14681	2
14682	2
14683	2
14685	2
14686	2
14692	2
14698	2
14701	2
14703	4
14708	2
14709	3
14710	2
14712	2
14716	2
14718	2
14724	2
14726	2
14728	2
14730	2
14731	3
14732	2
14737	2
14740	2
14743	2
14744	2
14746	2
14747	2
14750	2
14753	2
14754	2
14757	2
14758	2
14760	2
14761	2
14767	3
14769	2
14771	2
14772	2
14773	2
14774	2
14775	2
14776	2
14777	2
14782	2
14784	2
14786	2
14792	2
14794	2
14801	2
14802	2
14805	2
14806	4
14807	2
14808	3
14811	2
14813	2
14814	2
14816	2
14818	2
14822	2
14826	2
14827	2
14828	2
14829	2
14830	3
14831	2
14833	3
14835	2
14836	2
14837	2
14839	2
14842	2
14847	2
14849	2
14851	2
14853	3
14857	2
14858	2
14859	3
14861	2
14862	2
14863	2
14864	4
14865	2
14870	2
14871	2
14875	3
14877	2
14879	2
14880	3
14881	2
14884	2
14887	3
14888	2
14893	2
14896	2
14899	2
14902	2
14905	2
14906	2
14909	2
14912	2
14916	2
14920	2
14923	2
14924	2
14926	2
14933	2
14934	2
14936	2
14937	2
14938	3
14939	2
14942	2
14944	2
14945	2
14949	2
14950	2
14953	2
14954	2
14955	2
14956	2
14958	2
14962	2
14963	2
14967	2
14969	2
14971	2
14973	2
14974	2
14975	2
14977	2
14981	2
14982	2
14988	2
14991	2
14992	3
14993	3
14996	2
14997	2
14998	2
15001	3
15002	2
15005	2
15010	2
15011	2
15012	2
15013	2
15014	2
15015	3
15017	2
15020	2
15022	2
15024	2
15026	2
15028	2
15031	2
15032	2
15036	2
15037	2
15038	2
15042	3
15044	3
15046	3
15047	2
15050	2
15051	2
15052	2
15053	2
15054	2
15056	2
15058	2
15059	2
15060	2
15065	2
15067	2
15068	2
15072	3
15073	2
15075	2
15076	2
15077	2
15079	2
15082	2
15083	3
15084	2
15085	2
15087	2
15088	3
15089	2
15094	2
15098	2
15100	2
15102	2
15103	2
15107	2
15108	2
15109	2
15114	2
15118	2
15119	2
15120	2
15122	2
15123	2
15125	2
15126	2
15129	2
15131	2
15132	2
15136	2
15143	2
15144	2
15146	2
15147	2
15148	2
15151	2
15152	2
15154	2
15157	2
15162	3
15165	2
15166	2
15173	2
15174	2
15175	2
15176	2
15177	2
15182	2
15185	2
15187	2
15189	2
15190	2
15193	2
15196	2
15199	2
15200	2
15202	2
15203	3
15204	4
15205	2
15209	2
15210	2
15211	2
15212	2
15213	2
15214	2
15216	2
15217	2
15218	3
15221	2
15224	2
15228	2
15230	2
15232	2
15234	4
15235	2
15239	2
15241	2
15242	2
15244	2
15245	3
15247	2
15248	2
15253	2
15258	2
15260	3
15261	2
15262	2
15263	2
15265	2
15268	2
15274	2
15276	3
15277	2
15278	2
15279	2
15280	2
15281	2
15284	2
15285	2
15286	2
15289	2
15291	2
15292	2
15295	2
15298	2
15300	2
15302	2
15303	2
15307	2
15309	2
15314	2
15316	2
15325	3
15328	2
15329	3
15332	2
15336	2
15345	2
15346	2
15351	2
15356	2
15362	2
15363	2
15364	2
15365	2
15366	2
15367	2
15368	2
15369	2
15371	2
15372	2
15374	2
15376	2
15377	2
15378	2
15379	2
15381	2
15383	2
15384	2
15388	2
15390	2
15391	2
15394	2
15396	2
15399	2
15409	2
15412	2
15413	2
15417	2
15419	2
15421	4
15422	2
15424	2
15426	2
15427	2
15430	2
15431	3
15433	2
15434	2
15435	3
15437	2
15442	2
15448	2
15449	3
15450	2
15452	2
15453	2
15454	2
15455	2
15456	2
15457	2
15458	2
15459	3
15463	2
15466	2
15467	2
15476	2
15477	2
15480	2
15482	2
15483	2
15484	2
15486	2
15492	2
15493	2
15495	2
15497	2
15499	2
15501	2
15502	2
15505	2
15508	2
15509	2
15511	3
15512	2
15515	2
15517	2
15519	2
15520	2
15521	2
15522	2
15527	2
15529	2
15530	2
15532	2
15539	3
15542	2
15544	2
15545	2
15548	4
15553	2
15557	2
15561	2
15562	2
15563	2
15565	2
15568	2
15570	2
15573	2
15575	2
15576	2
15577	3
15578	2
15579	2
15583	2
15586	2
15587	2
15591	2
15592	2
15593	2
15595	2
15599	2
15601	2
15602	2
15603	2
15605	2
15606	3
15607	2
15608	2
15611	2
15612	2
15616	2
15618	2
15624	2
15625	2
15627	2
15628	2
15631	3
15632	2
15633	2
15638	2
15643	2
15644	2
15646	2
15647	2
15648	2
15651	2
15652	4
15653	2
15656	2
15658	2
15660	2
15662	2
15663	2
15664	2
15667	2
15668	2
15669	2
15671	2
15672	2
15683	2
15684	3
15692	2
15693	2
15696	2
15703	2
15704	2
15705	2
15706	2
15708	3
15710	2
15713	2
15714	2
15716	3
15717	2
15718	2
15719	2
15721	2
15722	2
15724	2
15725	2
15727	2
15728	2
15729	2
15733	2
15737	2
15740	2
15742	2
15744	2
15745	2
15748	3
15751	2
15753	3
15755	2
15757	5
15759	2
15760	2
15763	2
15765	3
15768	2
15770	2
15775	2
15777	2
15782	2
15788	2
15792	2
15797	2
15798	2
15799	3
15800	2
15802	2
15803	2
15805	2
15807	2
15808	2
15809	2
15810	2
15811	3
15813	2
15814	2
15815	2
15817	2
15821	2
15826	2
15829	2
15841	2
15842	2
15843	2
15846	2
15849	2
15853	2
15854	2
15855	2
15856	2
15857	2
15861	2
15869	2
15871	2
15874	5
15877	2
15880	2
15881	2
15883	2
15886	2
15888	2
15889	4
15890	2
15901	2
15903	2
15904	2
15915	2
15916	2
15918	2
15919	2
15921	2
15922	2
15927	2
15928	2
15929	2
15930	2
15933	2
15934	3
15935	2
15939	2
15941	2
15942	2
15944	2
15946	2
15947	2
15948	2
15949	2
15951	2
15952	3
15954	2
15955	2
15956	2
15958	2
15960	6
15961	2
15962	2
15964	2
15965	2
15966	2
15968	2
15969	2
15971	2
15973	2
15975	2
15984	2
15985	2
15986	2
15991	2
15992	2
15993	2
15994	2
15995	3
15997	2
16001	2
16002	2
16003	2
16004	3
16005	2
16006	2
16010	2
16011	2
16013	2
16015	2
16016	2
16017	2
16021	2
16026	2
16029	2
16030	2
16031	2
16032	2
16043	2
16045	2
16047	2
16051	2
16055	2
16056	2
16057	3
16059	2
16061	2
16064	2
16065	2
16066	2
16069	2
16072	2
16075	2
16078	2
16086	2
16098	2
16100	3
16104	2
16107	3
16111	2
16112	2
16113	2
16116	2
16118	2
16121	2
16123	2
16124	2
16126	2
16127	2
16128	2
16129	2
16133	2
16135	2
16136	2
16138	2
16141	2
16142	2
16147	3
16151	2
16152	2
16155	3
16156	2
16157	2
16159	2
16166	2
16167	3
16168	2
16169	2
16172	2
16174	2
16176	2
16178	2
16180	2
16181	2
16184	2
16185	2
16190	2
16191	2
16195	2
16201	2
16202	3
16205	2
16206	2
16207	2
16208	3
16213	2
16214	2
16215	2
16219	2
16231	2
16241	2
16243	2
16245	3
16247	2
16250	2
16256	2
16257	2
16260	2
16268	2
16269	2
16270	2
16271	2
16276	2
16279	2
16280	2
16281	2
16282	2
16287	2
16288	2
16289	2
16290	2
16295	2
16297	2
16302	4
16306	2
16307	2
16313	3
16318	4
16323	2
16324	2
16327	2
16332	2
16334	2
16335	2
16338	2
16341	2
16342	2
16344	3
16345	2
16347	2
16352	2
16353	2
16354	2
16355	2
16356	2
16357	2
16360	2
16362	3
16363	2
16369	2
16372	2
16373	2
16374	3
16375	2
16376	2
16379	2
16382	2
16389	2
16393	2
16394	2
16395	2
16397	2
16400	3
16401	2
16402	2
16404	2
16406	3
16407	2
16408	2
16409	3
16410	2
16412	4
16423	2
16428	3
16430	2
16432	3
16436	2
16439	2
16440	2
16441	2
16442	2
16443	2
16444	2
16446	3
16450	2
16453	2
16454	2
16455	2
16459	2
16464	2
16467	2
16471	2
16476	2
16478	2
16482	2
16484	2
16485	2
16491	2
16496	2
16516	2
16517	2
16518	2
16519	2
16520	2
16522	2
16523	2
16525	2
16527	2
16534	2
16539	3
16540	3
16541	2
16549	2
16552	2
16556	3
16558	2
16559	2
16560	2
16562	2
16564	2
16565	2
16570	2
16573	2
16578	2
16581	2
16582	2
16591	2
16593	2
16594	2
16598	2
16601	2
16602	2
16603	2
16604	2
16607	2
16615	2
16623	3
16624	2
16626	2
16635	2
16636	2
16638	2
16640	2
16641	2
16642	2
16645	3
16664	2
16667	2
16669	2
16679	2
16682	2
16683	2
16687	3
16696	2
16697	2
16705	2
16711	2
16719	2
16721	2
16723	2
16724	2
16726	2
16728	2
16731	3
16732	2
16737	3
16739	2
16740	2
16741	2
16746	2
16748	2
16749	2
16752	2
16753	2
16756	2
16757	2
16761	2
16763	2
16764	2
16765	2
16766	2
16776	2
16777	2
16778	2
16779	2
16785	2
16787	2
16791	2
16794	2
16795	2
16808	2
16810	2
16814	2
16816	2
16817	2
16818	2
16819	2
16823	4
16824	3
16825	2
16827	2
16829	2
16830	2
16833	2
16836	2
16837	2
16839	2
16841	2
16844	2
16845	2
16846	2
16849	2
16850	2
16858	2
16861	3
16864	2
16866	2
16873	2
16877	2
16879	2
16882	2
16884	2
16888	2
16891	2
16893	2
16894	2
16898	2
16899	2
16901	2
16903	2
16914	2
16915	2
16918	2
16919	2
16920	2
16921	2
16924	2
16926	2
16927	2
16930	2
16931	2
16932	2
16939	2
16943	3
16944	3
16945	4
16946	2
16949	2
16952	2
16953	3
16955	2
16956	5
16957	3
16958	2
16959	2
16961	2
16964	2
16965	2
16971	4
16973	2
16975	2
16978	2
16979	2
16982	2
16984	2
16985	2
16986	2
16989	4
16991	2
16992	2
16993	2
16995	2
16996	2
16997	2
17000	2
17001	2
17002	2
17003	2
17004	2
17006	2
17010	3
17011	3
17014	2
17015	2
17016	2
17020	3
17021	2
17023	2
17025	2
17026	2
17029	3
17043	2
17047	2
17049	2
17051	2
17056	2
17058	2
17061	2
17062	2
17064	2
17066	2
17068	2
17078	4
17079	2
17081	2
17083	2
17084	3
17085	2
17086	2
17094	2
17096	2
17099	2
17100	2
17102	2
17105	2
17108	2
17113	3
17116	2
17119	2
17120	2
17122	2
17124	2
17125	2
17126	2
17130	2
17131	2
17132	2
17135	2
17137	2
17146	2
17147	2
17149	2
17154	2
17158	2
17162	2
17164	2
17166	2
17168	2
17178	2
17179	2
17181	2
17182	2
17185	2
17186	2
17188	2
17189	2
17192	2
17197	2
17200	2
17205	2
17207	2
17208	2
17210	2
17211	3
17212	2
17216	2
17218	3
17220	2
17222	2
17231	2
17232	2
17236	2
17240	2
17243	2
17244	2
17247	2
17248	2
17252	2
17253	2
17254	4
17255	3
17256	2
17261	2
17263	2
17265	2
17268	2
17269	2
17274	3
17280	2
17282	2
17285	2
17287	2
17295	2
17296	2
17297	2
17300	2
17302	2
17305	2
17308	2
17311	2
17313	2
17314	2
17317	2
17319	2
17321	2
17324	2
17326	2
17327	3
17331	2
17332	2
17334	2
17335	2
17336	2
17338	2
17344	2
17347	2
17349	3
17353	2
17357	2
17359	2
17360	2
17362	2
17364	2
17366	2
17367	2
17370	2
17372	2
17374	2
17377	2
17390	2
17398	2
17399	2
17400	2
17401	2
17403	2
17404	2
17407	2
17412	2
17414	2
17419	2
17420	2
17421	2
17422	2
17428	2
17430	2
17431	2
17432	2
17433	2
17444	2
17446	2
17456	2
17458	2
17461	2
17462	2
17463	2
17469	2
17471	2
17474	2
17478	2
17481	2
17487	2
17489	2
17491	2
17493	2
17494	4
17497	3
17503	2
17504	2
17505	2
17507	2
17511	2
17512	2
17515	2
17521	2
17528	2
17530	2
17532	2
17536	2
17544	2
17550	2
17553	2
17554	2
17557	2
17560	2
17561	2
17562	2
17563	2
17567	2
17568	2
17572	2
17575	2
17579	2
17589	2
17595	2
17600	2
17614	2
17615	2
17619	2
17627	2
17630	2
17631	2
17635	3
17636	2
17637	4
17640	2
17641	2
17643	2
17644	2
17664	3
17665	2
17668	3
17673	2
17675	2
17680	4
17682	3
17685	2
17687	2
17690	2
17696	2
17697	2
17699	2
17700	2
17701	2
17705	3
17706	2
17707	5
17711	2
17712	2
17714	2
17715	4
17716	2
17720	2
17721	2
17722	2
17724	2
17727	3
17730	2
17731	2
17735	2
17746	3
17747	2
17753	2
17754	3
17758	4
17762	2
17763	2
17764	2
17765	3
17774	2
17775	2
17776	3
17778	2
17779	2
17780	2
17789	2
17792	2
17794	2
17797	2
17799	2
17801	3
17802	2
17804	2
17805	2
17806	3
17807	3
17808	2
17810	2
17811	2
17812	4
17813	4
17814	2
17816	2
17818	2
17821	4
17822	3
17825	2
17833	2
17834	2
17835	3
17836	2
17842	3
17847	3
17850	2
17853	2
17855	2
17859	2
17860	2
17861	4
17862	2
17863	4
17864	4
17865	2
17866	2
17868	2
17869	2
17871	2
17872	2
17873	4
17874	2
17875	2
17876	2
17877	2
17878	2
17879	2
17881	2
17882	2
17883	2
17884	2
17885	2
17887	2
17889	2
17890	2
17892	2
17893	2
17895	2
17897	2
17898	3
17900	2
17902	2
17903	3
17904	4
17905	2
17906	2
17908	5
17909	2
17910	2
17912	2
17914	3
17915	5
17916	2
17920	3
17921	2
17925	2
17927	2
17928	2
17933	2
17934	2
17935	5
17936	2
17937	2
17941	2
17946	2
17948	2
17949	2
17950	3
17951	2
17952	2
17953	2
17955	2
17956	2
17960	2
17961	2
17968	3
17969	2
17970	3
17974	3
17975	2
17978	2
17981	2
17984	2
17985	2
17986	2
17987	2
17989	3
17990	3
17995	3
17997	2
17998	2
17999	2
18000	3
18002	2
18003	3
18006	2
18008	2
18010	2
18011	2
18015	2
18017	2
18019	2
18020	2
18024	3
18028	2
18030	2
18034	2
18037	2
18038	2
18039	2
18040	2
18043	2
18048	2
18049	3
18050	2
18051	2
18052	2
18054	3
18056	2
18057	3
18059	2
18060	2
18064	2
18066	2
18070	2
18071	2
18073	2
18074	4
18075	2
18078	2
18083	2
18085	3
18087	2
18088	2
18090	3
18093	2
18095	2
18096	2
18101	2
18106	2
18111	2
18112	2
18113	2
18114	2
18116	2
18119	2
18123	2
18125	2
18126	2
18131	2
18133	3
18134	2
18137	2
18138	2
18140	2
18141	2
18145	2
18146	2
18148	2
18150	2
18162	2
18163	2
18164	3
18165	2
18167	2
18168	5
18169	3
18170	2
18171	2
18172	3
18174	2
18175	2
18180	3
18181	2
18182	2
18184	3
18187	2
18190	3
18191	3
18193	3
18195	2
18196	2
18197	2
18198	3
18201	2
18203	2
18204	3
18208	2
18209	2
18212	2
18213	2
18217	4
18220	2
18223	4
18231	2
18235	2
18237	2
18238	2
18240	2
18241	8
18243	3
18244	2
18245	2
18246	2
18247	3
18248	3
18249	2
18250	2
18253	2
18255	2
18257	2
18261	2
18264	2
18265	2
18267	2
18270	2
18271	2
18273	2
18276	3
18278	5
18280	2
18281	2
18287	2
18288	2
18290	2
18291	2
18292	2
18300	2
18301	2
18304	2
18305	2
18306	3
18307	2
18308	2
18309	3
18310	3
18313	2
18315	2
18316	2
18317	3
18318	3
18324	3
18327	5
18328	4
18332	2
18334	2
18336	3
18337	2
18338	2
18341	2
18347	2
18348	3
18349	3
18350	2
18351	2
18354	3
18355	2
18359	2
18362	2
18363	2
18365	2
18366	2
18367	3
18368	2
18369	2
18371	2
18372	2
18373	2
18377	2
18379	2
18382	2
18388	2
18392	3
18393	2
18403	2
18408	3
18409	2
18410	2
18412	2
18421	2
18422	2
18424	2
18426	2
18427	2
18431	2
18432	3
18434	2
18436	2
18437	2
18441	2
18442	7
18445	3
18446	2
18450	2
18451	2
18452	2
18454	2
18458	2
18462	2
18463	4
18470	2
18472	4
18474	5
18476	3
18477	2
18479	2
18482	2
18483	2
18484	2
18488	3
18489	7
18490	4
18496	2
18497	4
18498	2
18506	2
18507	2
18508	2
18511	2
18512	4
18514	3
18515	2
18517	3
18518	2
18519	2
18522	2
18524	4
18525	2
18526	2
18529	2
18532	2
18534	2
18535	5
18537	2
18538	2
18539	2
18540	2
18544	2
18546	2
18548	2
18552	2
18553	2
18554	2
18558	2
18559	2
18561	2
18562	2
18567	2
18568	2
18569	2
18571	2
18573	2
18574	5
18575	2
18577	2
18580	2
18581	2
18582	3
18583	2
18584	2
18586	2
18590	2
18592	2
18593	2
18594	2
18596	2
18597	2
18598	2
18607	2
18608	2
18609	2
18613	2
18614	2
18615	2
18616	5
18617	2
18618	2
18620	2
18621	4
18626	2
18630	2
18631	2
18633	2
18634	2
18636	2
18637	2
18639	2
18640	2
18642	3
18645	3
18647	3
18648	2
18649	2
18656	2
18657	2
18658	2
18661	2
18663	4
18665	2
18667	2
18671	2
18672	2
18675	2
18676	2
18680	2
18688	2
18690	2
18692	2
18694	3
18698	2
18700	2
18703	2
18705	2
18706	2
18707	2
18710	2
18714	2
18721	2
18725	2
18730	2
18733	2
18736	2
18737	2
18738	3
18740	2
18741	2
18744	3
18747	2
18748	2
18749	2
18751	2
18760	2
18762	3
18764	2
18765	2
18768	4
18771	2
18774	2
18777	2
18778	6
18779	2
18780	2
18781	2
18782	2
18784	2
18789	2
18790	2
18792	2
18795	2
18798	2
18804	2
18805	2
18813	2
18814	5
18816	2
18818	2
18821	2
18823	2
18825	3
18826	3
18831	2
18833	2
18836	2
18838	2
18840	3
18843	3
18844	3
18847	3
18849	2
18853	2
18854	2
18857	2
18858	3
18859	2
18862	2
18863	3
18866	2
18870	2
18871	5
18872	2
18873	2
18874	4
18876	2
18877	2
18887	2
18889	3
18893	2
18894	2
18898	2
18899	2
18900	2
18902	2
18903	3
18904	2
18907	2
18913	2
18918	3
18919	2
18921	2
18926	2
18932	2
18935	2
18936	2
18940	3
18941	2
18942	3
18943	3
18951	2
18952	2
18953	3
18956	3
18961	2
18969	3
18970	2
18972	2
18976	3
18982	2
18988	2
18992	2
18994	2
18996	2
19000	2
19002	2
19004	2
19005	2
19013	2
19017	2
19018	2
19022	2
19024	2
19026	2
19028	2
19029	2
19030	3
19032	2
19035	2
19037	2
19038	2
19039	2
19040	2
19041	2
19044	2
19056	2
19057	2
19061	2
19064	2
19068	2
19069	2
19070	2
19079	2
19083	2
19084	2
19088	2
19090	2
19091	2
19093	2
19094	2
19098	2
19104	2
19107	2
19110	2
19112	2
19115	2
19116	2
19117	2
19118	3
19120	2
19125	2
19126	2
19131	2
19137	2
19138	2
19141	2
19146	2
19147	2
19149	2
19153	2
19156	2
19157	2
19164	2
19165	2
19166	2
19168	2
19169	2
19178	2
19179	2
19181	2
19182	2
19186	2
19187	3
19189	2
19190	2
19192	2
19200	3
19202	2
19206	3
19209	2
19210	2
19211	2
19212	2
19214	2
19216	2
19217	2
19218	2
19219	2
19220	3
19222	2
19223	2
19225	2
19227	2
19232	2
19234	2
19242	2
19251	2
19252	2
19253	2
19255	2
19260	2
19264	2
19269	2
19277	3
19279	2
19282	2
19284	2
19285	2
19287	2
19288	3
19290	2
19291	2
19292	2
19293	2
19300	2
19306	2
19318	2
19319	2
19328	2
19329	2
19339	2
19345	2
19346	2
19348	2
19350	2
19359	2
19363	2
19364	2
19366	2
19369	2
19370	2
19373	2
19374	2
19380	2
19384	2
19387	2
19390	2
19404	2
19414	2
19415	2
19445	2
19448	2
19454	2
19456	2
19459	2
19463	2
19464	2
19465	2
19466	2
19467	2
19468	2
19470	2
19471	2
19473	2
19474	2
19476	2
19477	2
19480	2
19482	2
19483	2
19484	2
19485	2
19486	2
19487	2
19488	2
19489	2
19490	2
19495	2
19496	2
19498	2
19500	2
19501	2
19503	2
19504	2
19505	2
19508	2
19509	2
19510	2
19511	2
19512	2
19514	2
19515	2
19517	2
19518	2
19523	2
19525	2
19526	2
19527	2
19528	3
19529	2
19533	2
19535	2
19536	2
19537	2
19538	2
19539	2
19540	2
19541	2
19543	2
19544	2
19545	2
19547	3
19548	2
19550	2
19552	2
19553	2
19554	2
19555	2
19557	2
19558	2
19560	3
19561	3
19562	2
19564	3
19565	2
19566	2
19570	2
19572	3
19573	2
19578	2
19580	3
19581	3
19586	2
19589	3
19590	2
19591	2
19592	2
19593	2
19594	2
19596	2
19598	2
19600	2
19601	2
19605	2
19609	2
19610	2
19614	2
19617	2
19621	2
19625	2
19629	2
19630	2
19639	2
19641	2
19643	2
19644	2
19646	2
19647	2
19652	2
19656	3
19663	2
19664	2
19668	2
19671	2
19673	2
19675	2
19678	2
19679	2
19681	2
19684	2
19685	3
19687	2
19690	2
19693	2
19700	2
19701	2
19704	2
19716	2
19717	2
19720	2
19721	2
19739	2
19746	2
19747	2
19748	2
19750	2
19752	2
19753	2
19755	2
19759	2
19761	2
19762	2
19764	2
19768	2
19771	2
19775	2
19780	2
19785	2
19787	2
19788	2
19792	2
19797	2
19799	2
19801	5
19803	2
19804	2
19805	2
19808	2
19809	2
19815	2
19817	2
19821	2
19823	2
19825	2
19826	2
19827	2
19830	2
19831	2
19836	2
19837	2
19852	2
19854	2
19856	2
19859	2
19867	4
19868	2
19870	2
19872	2
19876	2
19877	2
19885	2
19894	2
19895	2
19896	2
19905	2
19924	2
19925	2
19927	2
19931	3
19934	2
19935	2
19940	2
19956	2
19957	2
19958	2
19959	2
19960	2
19961	2
19966	3
19967	2
19997	2
19998	2
19999	2
20000	4
20004	2
20005	2
20006	2
20007	2
20008	2
20016	2
20017	2
20019	2
20022	2
20023	2
20027	2
20028	2
20030	2
20031	2
20041	2
20042	2
20044	3
20048	2
20049	2
20050	2
20052	2
20055	2
20056	2
20057	2
20063	2
20065	2
20070	2
20072	2
20074	2
20075	2
20079	2
20083	2
20084	2
20085	2
20086	2
20087	2
20089	2
20091	2
20101	2
20106	2
20107	2
20109	2
20118	2
20119	2
20125	2
20126	2
20129	2
20133	2
20135	2
20136	3
20140	2
20143	2
20154	2
20163	2
20179	2
20180	2
20184	3
20187	2
20192	2
20193	2
20200	2
20202	2
20206	2
20208	2
20209	2
20221	2
20222	3
20227	2
20229	2
20241	2
20244	2
20251	2
20257	2
20260	2
20262	2
20263	2
20271	2
20273	2
20274	2
20279	2
20280	3
20283	2
20284	2
20285	2
20287	2
20292	2
20294	2
20295	2
20296	2
20303	2
20305	2
20306	2
20308	2
20310	2
20312	2
20313	2
20314	2
20317	2
20318	2
20319	2
20320	2
20322	2
20330	2
20333	2
20338	2
20344	2
20345	2
20347	2
20354	2
20356	2
20359	3
20360	2
20364	2
20368	2
20370	2
20372	2
20381	2
20384	2
20389	2
20391	2
20393	2
20397	2
20399	2
20401	2
20418	2
20419	2
20420	2
20421	2
20424	2
20427	2
20428	2
20431	2
20433	2
20436	2
20437	2
20438	2
20442	2
20459	2
20470	2
20471	2
20473	2
20475	4
20476	2
20486	2
20494	2
20496	2
20498	2
20500	2
20503	2
20506	2
20509	2
20519	2
20520	2
20527	2
20528	2
20529	2
20532	2
20533	2
20536	2
20538	2
20540	2
20541	2
20542	2
20544	2
20545	2
20549	2
20550	2
20551	2
20555	2
20559	2
20562	2
20567	2
20568	2
20569	2
20572	2
20573	2
20574	2
20576	2
20577	2
20578	2
20579	2
20581	2
20584	2
20589	2
20591	2
20594	2
20595	2
20598	2
20599	2
20612	2
20613	2
20614	2
20615	2
20616	2
20619	3
20626	2
20632	2
20636	2
20637	2
20639	2
20641	2
20645	2
20646	2
20647	2
20649	2
20650	2
20651	2
20652	2
20653	2
20660	2
20661	2
20662	2
20663	2
20665	2
20669	2
20678	2
20680	2
20685	2
20689	3
20691	5
20692	4
20696	2
20698	2
20700	2
20705	2
20721	2
20722	2
20739	2
20747	2
20748	2
20754	2
20755	2
20763	2
20765	2
20769	2
20770	2
20771	2
20773	2
20775	2
20776	2
20780	2
20785	3
20798	2
20799	2
20804	3
20805	2
20811	2
20817	2
20818	2
20819	2
20823	2
20825	2
20827	2
20828	2
20830	2
20832	2
20833	2
20837	2
20839	2
20841	2
20845	2
20848	2
20850	2
20853	2
20855	2
20859	2
20861	2
20863	2
20880	2
20882	2
20887	2
20888	2
20889	2
20890	2
20891	2
20896	2
20900	2
20904	2
20907	2
20909	2
20910	2
20917	3
20918	2
20921	2
20922	3
20934	2
20942	2
20944	2
20948	2
20949	2
20954	2
20957	2
20964	3
20975	3
20990	2
21001	2
21002	2
21004	2
21009	2
21013	2
21028	2
21030	2
21035	2
21036	2
21039	2
21041	2
21048	2
21054	2
21056	2
21057	2
21062	2
21068	2
21070	2
21075	2
21077	2
21086	2
21089	2
21090	2
21091	2
21101	2
21102	2
21103	2
21106	2
21110	2
21112	2
21113	2
21116	2
21125	2
21126	2
21137	2
21140	2
21149	2
21154	2
21155	2
21156	2
21160	2
21167	2
21168	2
21172	2
21174	2
21176	2
21182	2
21187	2
21195	3
21200	2
21202	2
21206	2
21211	2
21216	2
21217	2
21220	2
21221	2
21222	2
21230	2
21231	2
21232	2
21240	2
21248	2
21249	2
21250	2
21251	2
21252	2
21259	2
21264	3
21268	2
21271	2
21272	2
21274	2
21276	2
21279	2
21283	2
21284	2
21286	2
21295	2
21297	2
21300	2
21305	2
21307	2
21310	2
21313	2
21314	2
21318	3
21319	2
21325	3
21328	2
21333	2
21334	2
21338	3
21339	2
21343	2
21344	2
21346	2
21348	2
21349	2
21350	2
21352	2
21353	2
21354	2
21356	2
21357	2
21358	2
21361	2
21362	2
21363	2
21365	2
21366	3
21367	2
21368	2
21369	2
21370	2
21371	2
21372	2
21374	2
21375	2
21376	2
21377	2
21378	2
21379	2
21382	2
21383	2
21385	2
21386	2
21388	2
21389	2
21392	2
21393	2
21394	2
21395	2
21396	2
21397	2
21399	2
21400	2
21402	2
21403	2
21404	2
21405	2
21406	2
21407	2
21410	2
21411	2
21412	2
21413	2
21414	2
21416	2
21417	2
21419	2
21420	2
21421	3
21423	2
21426	2
21434	2
21435	2
21436	3
21438	2
21440	2
21441	2
21442	2
21446	2
21447	2
21448	2
21450	2
21455	2
21457	2
21459	2
21460	2
21462	2
21468	2
21470	2
21472	2
21474	2
21476	2
21478	3
21479	2
21480	2
21481	2
21484	2
21486	2
21490	2
21492	2
21494	2
21495	2
21496	2
21497	2
21499	2
21500	2
21502	2
21504	2
21506	2
21509	2
21510	2
21511	2
21512	2
21514	2
21517	2
21521	2
21523	2
21524	2
21526	2
21528	2
21529	2
21530	2
21533	2
21536	2
21537	2
21538	2
21539	2
21540	2
21543	2
21544	2
21546	2
21547	2
21548	2
21549	2
21550	2
21551	2
21552	2
21553	2
21555	2
21556	2
21557	2
21559	2
21562	2
21565	2
21566	2
21567	2
21568	2
21570	2
21571	2
21576	2
21578	2
21579	2
21580	2
21582	2
21585	2
21587	3
21590	4
21592	2
21594	2
21600	2
21602	2
21604	2
21608	2
21611	2
21615	2
21616	2
21618	2
21621	2
21622	3
21625	4
21631	2
21634	2
21635	3
21639	2
21640	2
21641	2
21642	3
21643	2
21644	2
21647	2
21649	2
21654	2
21663	2
21672	2
21673	2
21674	2
21679	4
21680	3
21682	2
21686	2
21687	2
21688	2
21689	2
21692	2
21693	3
21695	3
21696	2
21700	3
21703	2
21705	3
21706	2
21708	2
21709	2
21711	2
21712	2
21717	2
21718	2
21720	2
21725	2
21727	2
21732	2
21733	2
21735	2
21738	2
21740	2
21741	3
21742	2
21749	2
21753	2
21760	2
21761	2
21763	2
21766	2
21769	2
21771	3
21772	2
21773	2
21774	2
21775	3
21776	2
21777	2
21779	2
21782	2
21785	2
21786	2
21787	2
21790	2
21791	3
21795	2
21798	2
21802	2
21804	2
21805	2
21808	2
21815	2
21819	2
21824	2
21828	5
21830	2
21831	2
21832	2
21836	2
21845	4
21846	2
21849	2
21850	2
21858	2
21859	2
21860	2
21861	2
21864	2
21865	2
21871	2
21872	2
21874	2
21875	2
21876	2
21877	2
21879	2
21880	2
21887	2
21888	2
21889	2
21890	2
21892	2
21893	2
21895	2
21896	2
21897	2
21898	2
21904	2
21905	2
21906	2
21908	2
21909	3
21910	2
21912	2
21917	2
21919	2
21922	2
21926	2
21927	3
21928	2
21929	2
21931	2
21932	3
21933	2
21936	2
21937	3
21939	4
21940	2
21942	2
21947	2
21949	4
21950	4
21954	2
21955	2
21956	2
21958	2
21960	2
21963	2
21964	2
21966	2
21968	2
21969	2
21971	2
21972	2
21973	2
21977	2
21981	2
21983	2
21984	2
21986	2
21987	2
21989	2
21991	2
21993	2
21995	3
21997	2
22000	3
22001	2
22004	2
22007	2
22008	4
22010	2
22013	2
22014	2
22016	2
22019	2
22026	2
22029	3
22031	3
22033	2
22036	2
22047	2
22049	2
22052	2
22053	2
22054	2
22056	2
22060	2
22061	2
22062	2
22064	2
22068	2
22069	2
22071	3
22075	2
22081	2
22082	2
22083	2
22084	2
22088	2
22090	2
22094	2
22096	2
22109	2
22116	3
22119	2
22120	2
22127	2
22128	2
22132	2
22133	2
22138	2
22139	2
22141	5
22142	2
22144	2
22152	2
22154	2
22156	2
22160	2
22161	2
22165	2
22166	2
22172	2
22174	2
22175	2
22178	2
22180	2
22181	2
22186	2
22190	2
22193	2
22195	2
22197	2
22198	2
22200	2
22203	2
22206	2
22209	2
22210	2
22211	2
22215	2
22218	2
22222	2
22223	2
22224	2
22225	2
22227	2
22232	2
22233	3
22235	2
22238	2
22239	2
22240	2
22241	2
22245	2
22247	2
22249	2
22251	2
22254	2
22255	2
22257	2
22261	3
22263	2
22265	2
22267	2
22268	2
22270	2
22273	2
22283	2
22289	2
22292	2
22298	2
22301	2
22303	2
22305	2
22307	2
22308	2
22314	2
22315	2
22319	2
22320	2
22324	2
22326	2
22328	2
22329	3
22330	2
22333	2
22334	2
22337	4
22338	2
22340	2
22341	2
22344	2
22348	2
22352	2
22354	3
22355	2
22356	2
22357	2
22359	2
22360	2
22364	2
22365	2
22369	2
22370	2
22372	2
22386	2
22387	2
22390	2
22393	2
22394	2
22401	2
22404	2
22405	2
22409	2
22414	2
22424	3
22426	2
22427	2
22428	2
22431	2
22432	2
22439	2
22440	2
22441	4
22442	2
22445	2
22448	2
22451	2
22452	2
22455	2
22460	2
22465	2
22466	2
22469	2
22472	2
22476	2
22478	2
22481	2
22482	2
22483	2
22484	2
22488	2
22491	2
22492	2
22493	2
22496	2
22501	2
22508	3
22517	2
22520	2
22521	2
22527	3
22528	2
22529	3
22531	3
22532	2
22533	2
22534	2
22536	2
22537	2
22541	2
22544	2
22545	2
22546	2
22549	2
22553	2
22555	2
22556	3
22558	2
22562	2
22563	2
22564	2
22567	2
22570	3
22571	2
22572	2
22573	2
22574	2
22575	2
22578	2
22585	2
22586	2
22589	2
22591	2
22592	2
22593	2
22598	2
22601	4
22602	3
22603	3
22605	2
22608	4
22611	2
22614	4
22615	2
22616	2
22617	2
22619	2
22624	2
22626	2
22627	2
22630	2
22633	3
22634	2
22640	2
22646	2
22652	2
22653	2
22654	2
22657	2
22658	2
22664	2
22668	2
22669	2
22673	2
22675	2
22676	2
22679	2
22680	2
22682	2
22683	2
22688	3
22690	2
22692	3
22695	2
22696	2
22697	2
22700	2
22702	2
22703	3
22704	2
22706	3
22707	3
22708	2
22709	2
22713	2
22715	2
22720	2
22721	2
22722	2
22729	2
22730	3
22733	2
22735	2
22737	3
22738	2
22739	2
22740	2
22747	2
22753	2
22757	2
22759	2
22761	2
22763	2
22767	2
22773	2
22774	3
22776	2
22778	2
22780	2
22786	2
22788	2
22790	2
22793	2
22796	2
22797	2
22799	2
22800	2
22802	2
22806	2
22808	2
22811	2
22812	2
22813	2
22819	2
22820	2
22821	2
22824	2
22826	2
22827	2
22828	2
22832	2
22838	2
22840	2
22842	3
22846	2
22847	2
22848	2
22850	2
22853	2
22858	2
22860	2
22861	3
22864	2
22867	2
22868	2
22869	2
22871	2
22873	2
22875	2
22877	2
22879	2
22880	2
22883	2
22884	2
22888	2
22889	2
22890	2
22891	2
22897	2
22899	2
22901	2
22905	2
22907	2
22908	2
22909	2
22915	3
22916	2
22919	2
22930	2
22935	2
22936	2
22940	2
22941	2
22942	2
22946	2
22952	2
22953	2
22955	2
22956	2
22958	2
22959	2
22960	2
22961	2
