498: 318 452 287 
1112: 329 411 410 328 141 156 
57: 122 605 
905: 533 329 253 532 564 
1107: 411 360 410 328 368 
496: 329 318 303 
1416: 223 533 329 207 532 
641: 660 379 679 328 
1008: 497 329 288 51 556 
675: 150 396 394 458 548 171 
1083: 411 31 32 410 328 
732: 690 415 
563: 335 662 
661: 100 386 385 203 
546: 329 320 328 326 452 
219: 411 202 410 328 81 82 
22: 202 750 755 
592: 660 665 328 351 
681: 233 405 452 
569: 134 328 390 388 171 
585: 74 411 9 410 328 
304: 228 134 229 171 
1148: 574 329 134 207 328 307 452 304 171 
1369: 329 97 98 328 
570: 134 328 285 272 171 
727: 216 213 134 171 
1375: 140 307 446 450 
751: 299 329 328 326 452 
1062: 31 202 328 55 
1208: 660 328 285 642 
1143: 660 206 624 328 
974: 660 531 728 328 
1124: 660 167 328 617 
392: 329 411 330 429 410 328 418 121 203 
74: 340 330 809 418 
1390: 150 458 550 468 171 469 
1114: 329 71 415 70 
566: 284 458 329 784 775 
356: 263 328 262 564 566 
1049: 582 740 
201: 299 328 326 321 452 
534: 660 323 328 656 
895: 487 86 241 
25: 33 54 202 328 
242: 413 329 183 412 328 185 418 
8: 329 749 750 418 
1259: 660 328 654 314 
964: 502 511 140 202 328 113 517 418 
1292: 369 202 360 328 
810: 140 307 446 450 
659: 511 481 781 
1398: 120 202 328 481 
171: 161 614 
70: 330 807 227 418 
388: 329 411 520 330 410 328 418 121 203 
552: 411 794 410 328 800 
1276: 291 303 134 328 171 
1442: 273 787 771 788 
464: 329 10 328 309 
669: 660 328 392 684 
1038: 574 329 328 452 568 
988: 63 329 125 208 202 117 415 328 481 79 484 314 
1053: 587 661 650 
1233: 303 650 
1271: 660 327 328 659 
1412: 533 329 253 532 564 
349: 797 329 810 
1328: 660 683 328 388 
561: 333 329 202 328 
1095: 355 411 410 328 53 
254: 329 193 117 328 192 
415: 413 329 100 202 412 328 422 437 385 
111: 298 328 67 452 139 
524: 329 325 381 328 375 
982: 329 528 449 452 
257: 206 329 200 484 
1435: 511 273 286 771 
755: 329 415 131 307 
1263: 413 325 412 328 324 
1137: 340 187 328 474 203 
283: 179 134 200 171 
828: 507 329 330 506 418 156 
958: 511 134 790 452 203 171 
11: 589 30 
469: 413 291 98 412 328 
472: 370 329 293 7 
1281: 660 328 664 343 
1020: 660 732 562 328 
688: 370 401 329 452 
1126: 660 329 134 452 171 
1396: 660 475 707 328 
722: 179 134 207 171 
935: 511 208 328 209 512 
965: 722 517 
1334: 660 394 685 328 
259: 438 329 440 328 203 
787: 365 42 329 328 
723: 134 252 171 250 
288: 329 212 239 415 328 
381: 150 458 423 429 203 171 
967: 91 329 328 395 
1351: 329 367 415 366 
1284: 68 134 328 67 171 
1000: 413 533 412 328 532 
168: 329 134 328 153 
217: 265 329 411 410 264 328 418 
690: 660 404 328 686 
545: 458 14 329 281 328 326 
234: 340 187 328 474 203 
1395: 150 470 328 484 171 
107: 299 365 167 328 326 220 452 
1241: 303 650 
446: 511 273 286 771 
1402: 533 329 213 134 532 
591: 344 140 364 307 
368: 428 329 423 100 328 
1386: 483 484 
1140: 565 328 564 192 
1437: 511 787 286 788 
51: 454 803 121 203 
326: 245 179 244 207 328 
87: 329 371 133 415 328 
1340: 411 787 410 328 788 
640: 150 458 379 171 380 546 
20: 413 412 49 328 505 
1081: 660 142 328 609 
1060: 33 54 202 328 
1229: 411 288 410 328 4 452 
991: 531 251 134 328 171 
1157: 660 625 208 328 
73: 330 418 510 810 
417: 413 329 423 335 202 412 328 418 386 203 
1091: 33 411 410 328 358 
341: 660 255 633 328 
3: 329 151 328 11 
1237: 303 650 
812: 150 458 448 549 446 171 
364: 561 329 100 328 519 
657: 660 683 328 388 
405: 413 329 406 226 100 202 412 328 385 
1182: 150 458 337 336 203 171 
1159: 328 481 375 813 812 
251: 196 457 
714: 660 687 408 328 
754: 329 157 142 415 
1302: 660 379 679 328 
47: 800 420 121 203 
797: 271 134 328 272 171 
462: 645 290 
1120: 150 167 458 329 165 328 307 304 171 
1368: 411 410 328 58 57 
1324: 660 683 328 388 
970: 533 329 330 532 
1255: 5 329 328 564 566 
1033: 333 572 144 134 328 452 171 
75: 100 118 121 203 
26: 31 202 328 55 
60: 134 759 171 761 
354: 634 260 
1427: 503 716 
854: 59 444 501 452 
299: 413 329 520 518 412 328 418 
1069: 130 120 
1424: 660 497 328 714 
1463: 140 562 307 38 
1149: 329 328 813 812 418 
601: 413 359 140 202 412 
406: 413 329 518 202 412 328 227 386 203 
1374: 291 287 
285: 328 481 375 813 812 
463: 329 316 317 452 
862: 329 335 454 328 203 
377: 150 458 335 454 203 171 
291: 660 215 628 328 
821: 460 399 134 171 
619: 660 674 371 328 
924: 713 495 
547: 327 329 577 415 328 
1342: 134 412 410 328 171 
637: 78 379 140 307 
264: 128 121 203 205 
917: 147 586 328 136 277 
95: 299 150 134 326 
1454: 288 258 272 580 
114: 138 283 522 1 
1252: 660 328 307 652 
783: 440 699 
334: 247 24 134 328 171 
443: 280 511 286 279 
188: 150 458 538 166 165 171 
467: 329 296 415 272 
353: 700 661 647 
306: 329 54 744 
901: 299 228 533 329 532 
248: 329 147 586 264 328 136 418 
137: 411 37 410 328 435 
886: 120 202 328 481 
347: 329 811 798 
65: 269 329 117 122 328 
1288: 660 362 328 671 
1257: 150 458 543 319 171 314 
1172: 329 444 36 
1381: 660 704 328 452 
944: 660 717 328 506 
984: 150 529 458 552 528 171 
81: 640 711 704 661 
436: 396 772 328 522 1 
32: 257 329 411 757 410 328 
845: 329 466 464 
1322: 660 683 328 388 
312: 236 787 432 788 
1349: 243 458 416 328 171 
396: 559 329 411 330 410 328 418 510 121 203 
43: 602 116 
141: 269 411 120 410 328 
209: 174 458 172 328 171 
228: 329 330 418 
1161: 328 481 375 813 812 
946: 475 148 328 94 506 
1410: 179 533 329 221 532 
44: 63 329 411 64 410 328 
1201: 413 426 329 411 330 412 410 328 418 121 203 
1179: 150 561 458 520 203 171 
825: 660 455 328 705 
1074: 660 132 606 328 
877: 477 134 476 328 171 
205: 660 329 134 452 171 
340: 255 570 452 23 
918: 504 329 505 452 
489: 296 307 304 272 
1248: 660 651 328 304 
448: 134 328 275 171 270 
134: 355 411 410 328 53 
88: 65 66 328 481 
180: 162 150 164 458 537 171 
1352: 329 157 142 415 
300: 413 329 337 454 412 328 418 
273: 787 328 813 812 788 
400: 413 329 219 202 412 328 386 420 203 
544: 137 329 281 328 326 
712: 150 243 458 410 415 328 171 
1215: 660 328 285 642 
687: 791 134 328 400 171 
764: 355 354 121 203 
1059: 329 20 22 452 
510: 329 415 307 304 
91: 660 132 606 328 
598: 358 669 
174: 413 101 412 328 160 
852: 660 468 706 328 
206: 329 134 328 452 171 
1153: 329 415 481 209 334 
893: 487 134 328 279 171 
1448: 660 328 723 524 
210: 150 329 440 452 
1350: 329 367 415 366 
559: 329 140 328 121 203 773 
805: 36 57 
696: 411 410 395 403 
1100: 411 37 410 328 435 
490: 329 316 293 302 
749: 329 230 229 452 
56: 333 134 328 452 386 121 171 
1345: 135 329 410 328 414 
831: 329 88 328 456 
465: 413 308 412 328 452 309 
668: 413 384 202 412 481 
262: 623 205 
198: 413 170 17 412 328 
185: 690 616 661 617 
1245: 303 650 
1219: 660 328 285 642 
715: 150 329 134 328 452 
897: 660 487 711 328 
323: 458 372 322 242 
214: 174 490 249 328 
182: 108 147 328 343 136 
1464: 660 732 562 328 
480: 297 278 328 522 1 
701: 688 409 
1224: 660 293 328 646 
814: 660 704 328 452 
367: 329 421 100 328 422 
329: 134 328 246 203 171 
412: 413 329 202 412 328 560 418 386 336 203 
451: 91 134 395 452 171 
734: 458 410 328 417 171 
1192: 329 411 520 330 410 328 418 121 203 
1329: 660 683 328 388 
939: 159 134 503 328 452 
223: 413 329 61 412 328 81 418 
822: 29 68 134 171 
826: 106 329 330 158 418 156 
1356: 269 122 121 203 
275: 329 208 34 415 209 
193: 167 419 140 307 
1459: 660 730 328 556 
475: 574 458 567 294 328 
1407: 533 329 213 134 532 
245: 413 329 412 328 186 418 188 
1360: 37 447 121 203 
431: 411 202 281 410 
307: 329 745 55 
434: 639 277 
148: 413 329 412 360 328 366 
492: 497 329 522 314 403 
1296: 376 328 481 813 812 
376: 150 458 335 454 203 171 
456: 69 329 286 328 119 
1030: 470 570 458 568 
622: 329 27 43 
859: 329 219 328 203 218 
1186: 150 458 423 429 203 171 
1474: 570 329 471 484 
330: 12 328 4 
556: 797 411 410 328 803 
925: 497 129 121 203 
1211: 660 328 285 642 
140: 411 360 410 328 368 
683: 399 402 134 328 171 
835: 84 458 208 207 200 85 328 
1042: 660 736 328 575 
105: 150 286 220 
1339: 413 95 412 328 403 
1113: 413 329 120 117 412 328 
309: 413 234 412 328 522 
31: 756 329 73 328 203 
519: 411 202 410 415 522 314 403 
582: 150 747 328 748 171 
150: 329 411 120 117 410 328 
708: 135 329 410 328 414 
837: 413 457 202 412 38 
951: 413 284 458 508 412 328 
298: 329 19 444 258 452 
181: 660 162 328 615 
1077: 138 283 522 1 
1197: 413 329 411 330 412 429 410 328 418 121 203 
231: 559 328 505 182 203 
514: 150 312 542 458 307 171 
680: 574 397 96 328 564 
504: 308 134 307 171 
1348: 690 415 
1104: 411 360 410 328 368 
909: 533 329 326 532 231 
633: 660 677 376 328 
782: 502 533 440 328 532 441 
762: 696 424 
1388: 202 328 435 450 
1289: 365 329 283 
645: 112 378 
1142: 128 121 203 205 
155: 610 145 
1469: 660 736 328 575 
625: 329 54 44 328 121 203 
1004: 329 303 534 
241: 413 329 184 412 328 418 182 
1310: 329 303 387 
1018: 150 458 562 554 171 563 
533: 323 320 134 328 171 
426: 233 315 270 
189: 660 616 165 328 
907: 134 328 417 488 171 
118: 608 384 140 681 
838: 329 457 202 328 450 
578: 329 347 415 456 
538: 329 325 330 324 
981: 34 528 415 
1318: 660 683 328 388 
873: 483 371 452 351 
1164: 233 232 134 328 171 
920: 411 494 410 328 285 
586: 413 74 9 412 328 
577: 329 142 332 50 
1399: 120 202 328 481 
728: 361 134 373 171 
130: 33 411 410 328 358 
1366: 445 155 328 121 203 
350: 257 140 307 72 
66: 202 328 481 763 
576: 660 328 664 343 
491: 443 458 372 301 
588: 413 412 349 328 168 
1106: 411 360 410 328 368 
808: 329 9 757 328 
385: 150 458 427 420 203 171 
1234: 303 650 
284: 221 134 222 171 
871: 323 327 483 452 
954: 660 511 328 720 
773: 431 140 307 309 
1065: 31 202 328 55 
1421: 660 497 328 714 
292: 489 281 217 328 
173: 101 411 410 328 160 
1207: 660 328 285 642 
1070: 130 120 
1433: 112 329 411 508 410 328 418 
1054: 587 661 650 
1031: 660 570 328 733 
1370: 329 97 98 328 
89: 196 66 307 304 
590: 134 349 328 449 171 
652: 329 303 387 
926: 497 415 481 
806: 291 287 
789: 329 39 200 328 
600: 413 359 140 202 412 
129: 413 31 32 412 328 
548: 470 327 458 320 
1094: 355 411 410 328 53 
647: 150 458 547 382 383 171 
1238: 303 650 
636: 376 329 411 410 377 328 
931: 413 496 412 328 248 
393: 413 426 329 411 330 412 410 328 418 121 203 
422: 413 329 782 100 118 202 412 328 385 
295: 223 329 415 328 256 
1441: 273 787 771 788 
676: 660 394 685 328 
1204: 411 202 281 410 
36: 660 328 99 600 
888: 709 481 
170: 613 160 
593: 365 470 458 351 
1001: 413 533 412 328 532 
1277: 134 328 390 388 171 
211: 130 411 410 328 173 
1438: 511 787 286 788 
1134: 340 183 328 505 203 
1165: 245 793 391 328 
1376: 660 702 328 446 
610: 150 458 362 545 363 171 
910: 223 533 329 207 532 
1268: 329 325 330 324 
16: 754 411 410 328 38 
83: 150 458 117 121 203 171 
482: 298 649 
550: 329 661 
781: 455 150 458 328 439 141 171 
1434: 511 273 286 771 
389: 413 329 411 330 337 412 410 328 418 121 203 
913: 489 484 
966: 329 134 328 452 171 
987: 63 329 125 208 202 117 415 328 481 79 314 580 
850: 411 10 468 410 328 
1306: 329 384 313 328 121 203 
739: 147 136 8 414 
1413: 533 329 253 532 564 
1127: 329 134 328 452 171 
977: 660 328 723 524 
1327: 660 683 328 388 
933: 413 48 500 412 328 
1365: 150 329 328 175 
281: 299 211 200 328 326 
1138: 340 187 328 474 203 
1262: 413 325 412 328 324 
724: 228 134 231 171 
165: 196 152 328 481 307 304 
1465: 660 732 562 328 
526: 150 458 543 319 171 314 
1307: 329 303 387 
250: 194 134 328 195 171 
1394: 150 470 328 484 171 
911: 574 533 329 256 532 
989: 492 288 484 580 
1283: 68 134 328 67 171 
386: 411 274 325 410 328 111 
1403: 533 329 213 134 532 
58: 296 328 124 121 203 
1117: 690 616 661 617 
244: 340 187 328 474 203 
23: 147 52 136 43 
117: 789 790 769 203 
382: 426 150 458 203 171 424 
1270: 660 327 328 659 
759: 431 198 178 328 452 
152: 413 329 120 117 412 328 
710: 329 412 410 452 
365: 329 335 100 328 437 
975: 329 525 452 524 
104: 159 134 328 171 441 
798: 516 134 328 515 171 
663: 411 384 419 410 328 
703: 411 787 410 328 788 
481: 5 329 318 
278: 497 329 209 334 
226: 277 260 
133: 355 411 410 328 53 
994: 527 134 526 171 
1092: 33 411 410 328 358 
543: 310 142 325 190 
1141: 565 328 564 192 
166: 115 202 17 328 
520: 655 316 
401: 413 329 225 202 412 328 386 203 218 
1301: 660 379 679 328 
12: 31 590 
1337: 660 394 685 328 
1080: 660 142 328 609 
851: 150 458 550 468 171 469 
942: 504 352 268 
435: 329 105 281 328 104 
940: 502 715 
512: 411 140 410 328 307 304 
72: 808 330 454 418 
1013: 560 731 
1445: 533 329 330 532 
833: 419 202 134 444 171 
335: 413 14 412 328 15 
1052: 741 586 
1061: 33 54 202 328 
252: 196 59 452 
78: 359 197 
830: 458 329 328 452 
1156: 660 625 208 328 
1034: 253 134 254 171 
1256: 5 329 328 564 566 
52: 804 559 121 203 
142: 269 411 120 410 328 
748: 150 329 133 452 
216: 413 265 329 412 264 328 418 
638: 78 379 140 307 
1428: 503 716 
801: 411 410 328 58 57 
1152: 787 328 813 812 788 
1378: 660 702 328 446 
1242: 303 650 
470: 291 292 
1003: 291 535 328 564 566 
618: 660 370 328 673 
103: 150 470 132 458 
1181: 150 458 335 454 203 171 
717: 299 329 320 328 452 
195: 150 167 458 169 539 171 
267: 660 206 624 328 
1364: 333 419 134 328 481 452 171 
265: 128 121 203 205 
197: 660 167 328 617 
1076: 660 132 606 328 
76: 100 118 121 203 
378: 150 458 337 336 203 171 
218: 413 412 264 328 262 
94: 299 150 134 326 
290: 660 212 328 627 
287: 660 328 375 676 
642: 325 381 405 
1130: 329 330 328 813 812 
1429: 660 717 328 506 
33: 329 451 75 452 
402: 413 768 329 226 100 202 412 328 385 
969: 533 329 330 532 
719: 329 328 564 452 568 
473: 293 134 294 328 171 
1444: 492 288 258 272 
485: 411 779 410 328 769 
869: 132 483 133 452 
947: 507 148 328 94 506 
305: 660 230 328 630 
344: 329 799 809 
809: 447 703 
260: 150 458 758 767 203 171 
1411: 179 533 329 221 532 
635: 378 678 
38: 329 330 115 415 405 418 
204: 470 465 458 171 
945: 717 506 
183: 413 83 412 328 168 452 
138: 413 37 412 328 435 
1313: 660 387 328 682 
64: 329 357 117 328 358 
667: 411 384 202 410 481 
397: 329 411 330 410 328 418 420 121 203 
874: 239 452 351 23 
948: 660 507 718 328 
993: 531 530 452 23 
992: 150 526 328 171 524 
203: 329 134 328 452 171 
1372: 36 57 
313: 236 511 286 432 
515: 660 328 307 652 
1449: 660 328 723 524 
1189: 426 150 458 203 171 424 
1176: 150 458 518 560 203 171 
428: 329 275 452 272 
179: 162 150 164 458 537 171 
321: 147 176 328 136 199 
42: 514 63 140 307 
1196: 413 329 411 330 412 429 410 328 418 121 203 
829: 458 329 328 452 
256: 660 621 328 197 
452: 91 329 134 328 452 171 1 
1377: 660 702 328 446 
839: 329 786 461 418 
1382: 660 704 328 452 
1455: 413 533 412 328 532 
1295: 660 370 328 673 
258: 202 622 
1015: 140 562 307 38 
620: 372 242 
1346: 135 329 410 328 414 
1330: 394 458 329 147 452 171 
29: 65 598 
1282: 413 397 412 328 203 348 
720: 299 134 326 171 
511: 470 458 329 462 307 304 
1200: 413 426 329 411 330 412 410 328 418 121 203 
1180: 150 458 335 454 203 171 
455: 329 384 286 
878: 479 134 328 478 171 
1160: 328 481 375 813 812 
272: 329 328 813 812 418 
882: 329 477 330 415 418 478 
856: 268 26 473 
466: 411 308 410 328 452 309 
908: 216 533 329 532 171 
229: 333 329 178 134 328 307 452 304 171 
115: 202 328 87 139 
693: 329 328 395 1 
857: 413 329 412 328 474 505 418 
413: 413 338 329 406 100 202 412 328 418 385 
1338: 370 401 329 452 
1169: 329 444 36 
695: 413 412 395 403 
692: 132 94 92 452 
471: 272 292 
414: 413 329 421 335 202 412 328 386 203 
1287: 660 362 328 671 
164: 470 458 152 463 
1216: 660 328 285 642 
1404: 533 329 213 134 532 
785: 150 329 328 175 
705: 413 411 134 328 171 
973: 660 704 661 723 725 
1073: 640 711 704 661 
1417: 574 533 329 256 532 
90: 132 329 415 328 351 
213: 619 660 174 328 
445: 511 273 286 771 
1101: 411 37 410 328 435 
887: 130 120 202 328 481 
331: 372 202 134 90 452 171 
477: 660 293 328 646 
914: 413 329 103 412 493 328 307 
560: 329 140 328 121 203 773 
691: 329 54 21 522 403 
161: 329 434 436 415 
684: 399 791 134 328 171 
594: 329 477 476 452 
337: 251 134 171 250 
758: 411 34 202 410 785 203 
113: 125 117 328 331 334 
1212: 660 328 285 642 
154: 329 328 146 145 
1185: 150 458 421 510 203 171 
1280: 660 328 664 343 
844: 18 463 
1304: 329 411 281 410 328 418 378 60 
1385: 29 68 134 171 
613: 365 329 283 
1260: 660 328 654 314 
1045: 660 579 328 738 
1223: 660 293 328 646 
1473: 570 329 471 484 
995: 251 234 254 403 
479: 411 288 410 328 4 452 
589: 125 349 121 203 
934: 500 134 328 501 171 
555: 802 411 410 328 796 
116: 140 779 789 202 328 
235: 413 329 412 328 186 418 182 
407: 413 561 329 225 202 412 328 418 386 203 
84: 150 458 117 121 203 171 
1044: 470 458 577 578 
319: 507 328 107 121 203 
557: 776 766 329 
339: 255 134 254 328 171 
677: 397 134 96 328 171 
1131: 559 328 474 186 203 
818: 329 402 328 459 452 
682: 394 350 398 334 
139: 411 360 410 328 368 
744: 329 222 224 452 
1466: 660 732 562 328 
733: 458 410 328 417 171 
325: 137 458 329 328 237 
896: 134 328 486 484 171 
832: 438 202 85 328 
660: 329 753 419 328 785 203 
1019: 150 458 562 554 171 563 
1191: 413 329 411 520 330 412 410 328 418 121 203 
487: 415 522 770 765 403 
1415: 533 329 326 532 231 
898: 660 328 486 710 
1227: 660 293 328 646 
529: 413 489 97 202 412 
1123: 660 616 165 328 
930: 329 325 281 328 111 
540: 329 134 328 452 171 
790: 411 779 410 328 769 
147: 413 329 412 360 328 366 
1321: 660 683 328 388 
1470: 660 736 328 575 
1071: 328 307 121 203 761 
1460: 660 730 328 556 
753: 329 367 415 366 
1139: 329 193 117 328 192 
253: 196 73 481 
427: 233 491 258 
421: 413 329 202 412 339 558 328 386 203 
184: 167 329 165 415 
4: 329 20 22 452 
932: 496 276 328 499 
1098: 413 355 412 328 53 
41: 35 140 307 102 
1087: 413 31 32 412 328 
98: 147 202 148 328 
1387: 202 328 435 450 
709: 135 329 410 328 414 
539: 329 325 330 324 
597: 668 357 
922: 413 494 303 412 328 
1311: 329 303 387 
505: 208 134 328 311 307 452 171 
632: 376 328 481 813 812 
776: 470 458 433 432 
277: 150 458 208 540 210 171 
551: 804 411 799 410 328 
891: 233 329 356 452 482 
756: 692 418 
1317: 660 683 328 388 
1133: 559 328 505 182 203 
1250: 413 329 140 412 415 328 307 
440: 413 280 412 328 279 
766: 357 358 121 203 
772: 431 475 202 328 
27: 596 55 
493: 497 329 522 314 403 
1: 2 328 564 566 
902: 299 228 533 329 532 
373: 150 458 518 560 203 171 
1026: 394 140 307 28 
1440: 273 787 771 788 
711: 689 412 
269: 329 419 328 197 121 203 
296: 255 329 415 328 224 
587: 411 349 410 328 168 
916: 458 159 503 328 171 
220: 411 584 202 410 328 585 
351: 257 140 307 72 
172: 101 330 266 418 
573: 329 411 410 328 343 345 
449: 660 328 285 642 
1175: 267 134 328 268 171 
807: 257 329 411 9 410 328 
999: 233 288 
1206: 660 328 285 642 
535: 413 325 412 328 324 
1359: 357 358 121 203 
1009: 140 369 307 556 
746: 531 329 251 452 
131: 33 411 410 328 358 
266: 206 570 329 415 328 
1231: 303 650 
655: 458 389 328 326 300 
21: 201 328 418 50 
379: 150 458 337 336 203 171 
648: 150 458 547 382 383 171 
634: 413 412 377 328 405 
1400: 130 120 202 328 481 
69: 806 330 219 418 
1089: 33 411 410 328 358 
745: 211 329 200 452 
419: 413 329 100 425 202 412 328 418 437 385 
390: 329 411 330 337 410 328 418 121 203 
750: 323 329 320 452 
621: 411 410 328 43 45 
506: 63 202 328 307 
501: 150 458 305 304 541 171 
1422: 660 497 328 714 
1129: 333 329 178 134 328 307 452 304 171 
583: 74 411 9 410 328 
1371: 329 97 98 328 
149: 329 411 410 328 141 156 
784: 333 419 134 328 481 452 171 
1439: 511 787 286 788 
1105: 411 360 410 328 368 
486: 780 202 328 765 314 
499: 303 650 
1145: 660 206 624 328 
1393: 150 470 328 484 171 
1265: 329 325 330 324 
1035: 134 328 568 171 573 
2: 328 564 566 6 
371: 150 458 225 227 203 171 
158: 149 147 215 99 
779: 413 10 468 412 328 
310: 238 234 134 328 307 452 171 
342: 458 329 254 328 256 
1235: 303 650 
1028: 329 569 347 
1249: 308 134 307 171 
1286: 660 362 328 671 
1006: 660 729 328 534 
769: 78 202 328 45 
528: 150 458 329 320 328 307 304 171 578 
725: 253 134 256 171 
86: 117 603 
996: 329 76 328 67 524 
1326: 660 683 328 388 
985: 660 726 528 328 
849: 466 467 
1085: 411 31 32 410 328 
61: 328 307 121 203 761 
840: 443 458 372 341 
960: 660 721 513 328 
1273: 329 140 328 121 203 773 
1032: 660 734 572 328 
957: 273 787 771 788 
289: 213 134 214 171 
664: 411 384 419 410 328 
1166: 245 793 391 328 
936: 329 511 34 415 328 512 
736: 329 415 409 414 
233: 559 328 474 186 203 
123: 142 140 481 307 
478: 648 296 
853: 150 470 328 484 171 
82: 438 329 440 328 203 
580: 329 328 114 121 203 348 
126: 413 316 315 412 328 
318: 48 329 47 
441: 65 238 458 747 
768: 140 451 430 307 
1363: 502 533 440 328 532 441 
611: 150 458 362 545 363 171 
270: 574 134 207 415 328 452 171 
1243: 303 650 
276: 329 415 481 209 334 
359: 267 636 
246: 413 329 189 187 412 328 418 
268: 329 419 328 197 121 203 
646: 413 497 16 412 328 
1269: 660 327 328 659 
1367: 271 134 328 272 171 
128: 411 31 32 410 328 
653: 660 387 328 682 
1068: 660 597 63 328 
366: 338 329 100 328 336 
125: 660 142 328 609 
1336: 660 394 685 328 
799: 492 134 328 491 171 
1401: 130 120 202 328 481 
1135: 559 328 474 186 203 
1118: 690 616 661 617 
97: 150 361 134 373 
614: 365 329 411 410 328 578 
177: 162 286 163 
1155: 660 625 208 328 
1278: 134 328 285 272 171 
912: 489 580 
77: 127 147 126 136 
192: 167 273 328 771 356 
71: 518 330 811 418 
1267: 329 325 330 324 
730: 413 110 412 328 109 
786: 329 328 214 40 
1066: 78 202 328 53 
1064: 31 202 328 55 
403: 413 329 219 202 412 328 227 386 203 
735: 660 691 328 417 
49: 227 121 203 805 
1300: 660 379 679 328 
143: 269 411 120 410 328 
1079: 660 142 328 609 
221: 413 80 412 328 82 
1177: 150 458 518 560 203 171 
1355: 329 415 131 307 
941: 503 716 
1093: 413 33 412 328 358 
1315: 660 387 328 682 
93: 150 134 171 
225: 413 265 329 412 328 418 260 
355: 329 261 293 388 
1055: 587 661 650 
630: 413 329 105 332 412 328 418 
1023: 567 294 566 287 
508: 413 329 140 412 415 328 307 
867: 660 475 707 328 
599: 359 411 140 202 410 
249: 660 194 328 620 
1016: 140 562 307 38 
399: 413 768 329 782 100 202 412 328 385 
1430: 660 717 328 506 
521: 660 655 316 328 
1111: 413 329 412 360 328 366 
860: 329 225 328 227 203 
847: 465 458 329 464 328 
558: 458 56 73 341 
1379: 660 702 328 446 
997: 525 134 526 171 
1239: 303 650 
522: 5 329 328 564 566 
541: 658 325 
567: 76 134 328 79 171 
972: 533 329 330 532 
1174: 635 262 
361: 329 226 225 100 328 
1476: 741 586 
239: 340 183 328 505 203 
716: 299 329 320 328 452 
846: 167 134 328 452 13 171 87 
110: 329 133 136 334 
562: 394 147 328 136 334 
303: 329 303 293 392 
1151: 329 328 813 812 418 
1075: 660 132 606 328 
1419: 329 474 452 473 
1108: 269 411 120 410 328 
1453: 492 288 484 580 
1022: 567 566 
383: 150 559 458 558 203 171 
747: 329 212 214 452 
842: 297 462 134 328 452 171 314 
706: 134 412 410 328 171 
1217: 660 328 285 642 
865: 329 328 427 420 203 
700: 329 411 62 410 328 407 
1383: 660 704 328 452 
1024: 329 202 313 415 328 571 
1010: 150 458 557 553 171 556 
953: 413 514 329 511 412 328 
200: 134 328 326 452 154 
494: 299 320 134 171 
774: 431 762 307 761 
1274: 394 147 328 136 334 
962: 329 754 758 
959: 721 661 650 642 
99: 458 175 171 
596: 355 667 
872: 327 230 452 23 
429: 329 271 452 272 
7: 751 147 136 788 
1362: 470 458 433 432 
1097: 355 411 410 328 53 
615: 672 368 
794: 660 445 328 701 
302: 413 426 329 412 429 328 418 
63: 355 329 117 354 328 
1432: 660 717 328 506 
345: 806 329 794 
1305: 660 680 382 328 
230: 329 330 328 813 812 
35: 660 88 599 328 
861: 559 329 558 328 203 
322: 240 329 281 328 452 28 
771: 433 202 328 568 
1195: 329 411 330 337 410 328 418 121 203 
247: 458 207 180 328 195 
990: 288 258 272 580 
876: 329 479 330 476 415 418 
191: 167 83 134 171 
453: 134 281 522 452 171 1 
671: 394 458 329 147 452 171 
314: 236 330 432 418 
855: 472 140 58 307 
410: 413 329 406 100 202 412 328 437 385 
6: 660 328 588 25 
48: 801 219 121 203 
146: 329 411 360 410 328 366 
178: 150 167 458 198 328 163 171 
15: 593 37 
68: 329 117 328 121 203 
1343: 135 329 410 328 414 
1373: 36 57 
673: 394 95 328 522 334 
811: 150 458 448 549 446 171 
903: 179 533 329 221 532 
1199: 413 426 329 411 330 412 410 328 418 121 203 
518: 413 316 232 412 328 
1450: 660 726 528 328 
879: 442 134 328 171 480 
802: 291 272 
694: 329 328 395 1 
327: 245 793 391 328 
40: 150 458 411 103 410 328 171 102 
34: 78 202 328 53 
866: 438 458 328 246 171 
704: 411 787 410 328 788 
474: 329 303 293 392 
423: 413 329 202 412 328 386 420 121 203 
699: 93 92 
1170: 329 444 36 
978: 170 120 314 
767: 37 447 121 203 
261: 329 204 202 328 461 418 
976: 724 704 661 723 
1291: 365 329 411 410 328 578 
1184: 150 458 421 510 203 171 
333: 413 412 328 21 439 
721: 574 134 564 171 
457: 660 643 286 328 
1128: 265 329 411 410 264 328 418 
1279: 660 328 664 343 
1246: 660 651 328 304 
212: 618 173 
208: 329 134 328 452 171 
1358: 32 30 121 203 
282: 660 211 626 328 
120: 137 329 328 452 235 
1420: 150 497 458 498 551 171 
1405: 533 329 213 134 532 
196: 150 167 458 169 539 171 
162: 329 415 366 353 
875: 579 483 577 452 
817: 134 90 96 171 
1188: 426 150 458 203 171 424 
416: 413 329 202 454 412 328 386 510 203 
1408: 299 228 533 329 532 
803: 134 4 57 171 
1333: 660 394 685 328 
1194: 413 329 411 330 337 412 410 328 418 121 203 
237: 559 328 505 182 203 
937: 504 134 328 505 171 
80: 140 760 762 307 
777: 35 202 328 783 
943: 106 328 506 121 203 
678: 179 397 207 96 328 
1461: 660 730 328 556 
816: 329 86 452 89 
1331: 125 208 117 328 209 
1226: 660 293 328 646 
1102: 411 37 410 328 435 
484: 764 415 522 769 403 
527: 660 328 654 314 
409: 413 329 335 202 412 328 560 386 203 
348: 808 329 796 
532: 284 458 372 322 
1294: 369 202 360 328 
157: 329 202 144 415 328 
1447: 533 329 330 532 
607: 18 329 202 51 328 
921: 509 411 410 328 495 
644: 329 411 281 410 328 418 378 60 
433: 638 276 
460: 233 411 410 328 317 
1041: 150 576 458 555 575 171 
651: 329 384 313 328 121 203 
1047: 413 582 412 581 328 
685: 399 134 792 328 171 
108: 413 760 412 328 759 452 
1213: 660 328 285 642 
899: 533 329 213 134 532 
516: 653 313 
358: 267 134 328 268 171 
167: 142 202 453 328 99 203 
370: 150 458 219 203 171 218 
760: 421 694 
308: 233 232 134 328 171 
1203: 411 202 281 410 
1299: 660 379 679 328 
1467: 660 732 562 328 
743: 329 452 568 573 
1308: 329 303 387 
438: 458 273 328 279 171 
892: 329 485 513 293 
1230: 303 650 
880: 330 418 478 480 
1163: 329 19 444 258 452 
1312: 329 303 387 
542: 325 134 328 311 452 171 314 
791: 411 202 410 481 121 203 
1384: 29 68 134 171 
1122: 660 616 165 328 
1320: 660 683 328 388 
536: 657 324 
617: 365 371 134 328 171 
1209: 660 328 285 642 
394: 413 426 329 411 330 412 410 328 418 121 203 
631: 660 675 374 328 
757: 419 693 
439: 280 411 410 328 279 
718: 228 329 328 229 452 
1425: 504 134 328 505 171 
488: 780 411 410 328 770 
1471: 660 736 328 575 
160: 329 71 415 70 
374: 150 561 458 520 203 171 
28: 46 56 418 
950: 112 329 411 508 410 328 418 
579: 413 397 412 328 203 348 
1116: 660 162 328 615 
232: 340 183 328 505 203 
509: 303 134 328 171 292 
815: 389 390 
554: 411 410 328 798 805 
1456: 413 533 412 328 532 
1057: 2 328 564 566 
804: 329 97 98 328 
1088: 413 31 32 412 328 
565: 774 329 411 775 410 418 
1316: 660 683 328 388 
442: 281 641 
1040: 54 140 575 307 
311: 298 328 748 235 
483: 764 779 202 328 314 
820: 460 399 329 328 452 
1086: 411 31 32 410 328 
17: 342 202 418 38 
156: 611 146 
731: 690 415 
112: 394 191 125 117 328 
1220: 233 411 410 328 317 
380: 150 458 421 510 203 171 
674: 150 396 394 458 548 171 
279: 660 625 208 328 
1436: 511 273 286 771 
338: 252 632 
391: 413 329 411 330 412 429 410 328 418 121 203 
649: 660 680 382 328 
109: 142 313 481 314 
224: 413 80 329 584 412 328 418 
1121: 660 616 165 328 
662: 100 386 385 203 
778: 329 411 10 410 328 307 
497: 329 318 303 
1012: 660 730 328 556 
24: 53 595 
316: 65 238 329 748 
1190: 413 329 411 520 330 412 410 328 418 121 203 
564: 663 336 
59: 123 124 
169: 329 330 415 158 418 407 
513: 150 312 542 458 307 171 
741: 329 579 452 578 
293: 215 249 202 134 328 452 171 
92: 150 134 171 
1472: 660 736 328 575 
18: 594 44 
1423: 660 497 328 714 
1173: 634 260 
1082: 413 316 315 412 328 
297: 660 328 224 629 
1232: 303 650 
1147: 574 134 207 415 328 452 171 
775: 660 431 697 328 
1050: 739 581 
106: 286 138 13 
584: 413 74 9 412 328 
792: 479 330 442 418 
240: 340 183 328 505 203 
476: 574 458 328 566 287 
796: 134 328 275 272 171 
1036: 299 328 326 568 573 
612: 660 362 328 671 
890: 201 329 328 482 
1221: 329 316 317 452 
568: 291 303 134 328 171 
372: 150 458 518 560 203 171 
1096: 355 411 410 328 53 
1258: 660 328 654 314 
357: 635 262 
906: 533 329 253 532 564 
1084: 411 31 32 410 328 
658: 766 329 773 
915: 329 411 140 382 493 410 328 
770: 78 202 328 45 
1392: 150 470 328 484 171 
575: 150 544 458 343 346 171 
294: 329 222 415 254 328 
271: 574 329 134 207 328 307 452 304 171 
616: 369 202 360 328 
961: 413 502 329 412 328 331 
0: 587 661 650 
45: 660 597 63 328 
1046: 134 328 171 583 580 
1266: 329 325 330 324 
1002: 329 535 534 452 
1109: 269 411 120 410 328 
468: 413 291 98 412 328 
1275: 291 303 134 328 171 
1072: 359 197 
243: 559 328 474 186 203 
1264: 413 325 412 328 324 
530: 323 327 329 486 
14: 33 592 
1021: 123 574 565 458 328 
1389: 202 328 435 450 
1058: 328 564 566 6 
726: 223 221 134 171 
1167: 245 793 391 328 
1029: 569 204 202 328 
955: 511 273 286 771 
1361: 660 431 697 328 
639: 150 458 379 171 380 546 
1236: 303 650 
800: 295 296 
122: 142 140 481 307 
387: 413 329 411 520 330 412 410 328 418 121 203 
418: 413 428 329 100 202 412 328 418 437 385 
553: 795 411 801 410 328 
928: 150 497 458 498 551 171 
85: 660 117 603 328 
46: 114 121 203 
665: 411 384 419 410 328 
729: 601 109 
1285: 660 362 328 671 
868: 475 707 
517: 17 121 203 314 
956: 511 787 286 788 
50: 802 518 121 203 
127: 411 31 32 410 328 
404: 413 329 225 202 412 328 560 386 203 
100: 150 134 133 328 171 
96: 150 361 134 373 
1228: 411 288 410 328 4 452 
124: 150 458 142 536 143 171 
525: 329 325 381 328 375 
819: 402 134 459 171 
1397: 134 444 328 481 171 
654: 660 384 328 681 
132: 413 33 412 328 358 
968: 523 134 328 522 307 452 171 
1154: 660 625 208 328 
255: 565 328 564 192 
834: 483 484 
1132: 340 187 328 474 203 
788: 329 320 41 328 
1063: 31 202 328 55 
30: 756 329 411 767 410 328 121 203 
1272: 329 661 
602: 413 359 140 202 412 
362: 329 406 100 328 560 
1078: 660 142 328 609 
713: 470 458 416 328 409 
274: 129 208 117 328 331 
1244: 303 650 
420: 413 329 421 202 412 558 328 386 203 
369: 329 100 425 328 424 
581: 68 134 328 67 171 
1037: 660 735 328 573 
740: 255 329 254 452 
927: 497 202 454 49 328 203 
1354: 329 415 131 307 
1158: 660 625 208 328 
1452: 660 726 528 328 
176: 162 431 329 572 
1341: 413 411 134 328 171 
1090: 33 411 410 328 358 
102: 660 133 328 607 
609: 362 140 307 55 
881: 660 708 328 480 
507: 329 411 140 410 415 328 307 
1240: 303 650 
408: 413 329 226 100 202 412 328 418 385 519 
923: 494 712 
1431: 660 717 328 506 
1475: 570 329 471 484 
186: 150 167 458 329 165 328 307 304 171 
1222: 574 458 328 566 287 
863: 329 518 328 560 203 
458: 299 743 328 300 742 
1125: 660 167 328 617 
336: 329 415 328 15 89 
795: 181 458 207 328 268 
627: 413 412 328 763 744 
1144: 660 206 624 328 
384: 150 458 340 339 203 171 
1380: 660 704 328 452 
952: 509 719 
629: 329 152 142 105 328 
1150: 329 328 813 812 418 
979: 120 528 314 
571: 342 328 418 77 
1325: 660 683 328 388 
971: 533 329 330 532 
1314: 660 387 328 682 
286: 328 481 375 813 812 
848: 278 329 134 328 307 452 304 171 282 
1110: 329 411 434 410 328 435 
1418: 504 329 505 452 
1043: 577 737 
495: 299 216 213 320 
459: 644 289 
1136: 559 328 474 186 203 
606: 329 259 364 
843: 134 328 452 171 139 282 
1178: 150 561 458 520 203 171 
531: 329 194 328 317 289 
1254: 5 329 328 564 566 
215: 413 61 412 328 60 
1025: 134 564 568 171 
190: 167 178 328 452 177 
1335: 660 394 685 328 
1017: 140 562 307 38 
263: 128 121 203 205 
919: 329 474 452 473 
144: 269 411 120 410 328 
1323: 660 683 328 388 
175: 413 161 412 328 116 
121: 88 202 790 328 203 314 
1414: 216 533 329 532 171 
222: 413 586 412 328 585 
1391: 660 468 706 328 
929: 660 497 328 714 
738: 470 458 416 202 328 482 
236: 413 329 187 183 412 328 418 
227: 329 330 418 
352: 329 444 36 
983: 150 529 458 552 528 171 
101: 132 329 133 486 
963: 492 288 258 272 
885: 413 329 412 328 307 309 
1290: 365 329 411 410 328 578 
159: 660 147 328 612 
346: 795 329 807 
1171: 329 444 36 
187: 150 458 538 166 165 171 
1251: 660 328 307 652 
37: 63 329 117 62 
689: 401 291 
1119: 690 616 661 617 
136: 411 37 410 328 435 
54: 604 120 
1303: 660 379 679 328 
1027: 147 569 328 136 248 
858: 497 472 329 452 
1443: 413 502 329 412 328 331 
395: 426 329 411 330 410 328 418 121 203 
39: 413 150 458 103 412 328 171 102 
870: 132 212 452 23 
79: 753 781 
67: 329 117 328 121 203 
207: 329 134 328 452 171 
5: 411 34 410 328 25 
1039: 54 140 575 307 
841: 202 328 435 450 
328: 299 245 793 300 
698: 413 95 412 328 403 
904: 179 533 329 221 532 
780: 698 435 
145: 329 411 434 410 328 435 
163: 365 150 329 415 328 
1099: 411 37 410 328 435 
1007: 418 104 556 
656: 390 272 
883: 134 444 328 481 171 
702: 150 329 410 328 417 
605: 259 138 328 307 304 467 
425: 233 288 275 
332: 413 412 328 21 439 
424: 413 329 202 412 328 427 386 121 203 
1353: 329 157 142 415 
1162: 328 481 375 813 812 
666: 240 329 93 
62: 746 34 202 328 481 
301: 413 329 412 429 328 418 510 
686: 134 792 328 400 171 
280: 211 329 415 328 573 
55: 333 134 328 452 386 121 171 
1051: 570 329 471 484 
9: 147 749 328 136 752 
1214: 660 328 285 642 
604: 670 360 
398: 413 329 202 412 328 427 386 203 218 
549: 660 327 328 659 
672: 125 208 117 328 209 
450: 91 134 395 452 171 
454: 134 281 522 452 171 1 
315: 329 236 328 177 
1446: 533 329 330 532 
623: 329 27 44 
889: 660 709 328 481 
199: 134 328 153 452 171 
1451: 660 726 528 328 
1187: 150 458 423 429 203 171 
1247: 660 651 328 304 
1067: 63 329 411 64 410 328 
360: 269 637 
1409: 299 228 533 329 532 
986: 660 530 328 727 
1056: 587 661 650 
707: 134 412 410 328 171 
135: 413 355 412 328 53 
202: 150 329 328 452 171 
864: 329 421 328 510 203 
1218: 660 328 285 642 
194: 167 419 140 307 
53: 130 120 
938: 134 328 474 473 171 
1225: 660 293 328 646 
1193: 413 329 411 330 337 412 410 328 418 121 203 
608: 362 140 307 55 
884: 570 483 452 573 
572: 776 411 410 328 783 
1183: 150 458 337 336 203 171 
1253: 660 328 307 652 
679: 299 397 96 328 326 
1168: 245 793 391 328 
523: 316 134 328 317 171 
1048: 411 582 410 328 583 
447: 284 458 372 301 
650: 69 77 
765: 32 30 121 203 
670: 329 494 393 293 
1462: 660 730 328 556 
1347: 690 415 
894: 329 86 217 241 452 
737: 243 458 416 328 171 
1115: 660 162 328 615 
1103: 413 37 412 328 435 
763: 269 122 121 203 
411: 413 329 518 202 454 412 328 386 203 
343: 3 329 787 64 506 788 
1426: 134 328 474 473 171 
461: 233 273 771 317 
430: 784 276 328 786 
1357: 355 354 121 203 
1210: 660 328 285 642 
1297: 413 412 377 328 405 
375: 150 561 458 520 203 171 
626: 134 777 452 203 171 778 
1344: 135 329 410 328 414 
1309: 329 303 387 
628: 413 746 745 412 328 
1406: 533 329 213 134 532 
1332: 660 394 685 328 
643: 413 329 281 412 328 418 378 60 
824: 84 455 134 328 171 
1468: 660 732 562 328 
437: 458 273 328 279 171 
19: 46 147 328 755 136 
10: 751 328 752 418 
1014: 110 562 328 522 1 
503: 306 518 521 203 
444: 280 511 286 279 
998: 458 29 525 328 79 
793: 445 155 328 121 203 
432: 787 202 281 328 788 
827: 106 329 330 107 418 156 
836: 411 457 202 410 38 
537: 413 325 412 328 324 
574: 344 329 345 452 
320: 660 631 239 328 
363: 329 134 328 452 171 
949: 413 112 329 508 412 328 418 
624: 329 54 44 328 121 203 
1005: 329 303 534 
1298: 378 678 
813: 660 702 328 446 
761: 423 695 
502: 660 651 328 304 
1202: 426 329 411 330 410 328 418 121 203 
1457: 413 533 412 328 532 
603: 359 511 313 
1146: 329 419 328 197 121 203 
1319: 660 683 328 388 
742: 365 329 371 452 
317: 19 47 452 
697: 413 412 395 403 
1011: 150 458 557 553 171 556 
900: 533 329 213 134 532 
324: 329 452 237 235 
752: 228 329 328 231 452 
1205: 639 277 
238: 559 328 505 182 203 
1458: 140 369 307 556 
119: 660 608 140 328 
1293: 369 202 360 328 
153: 329 572 146 571 
500: 134 415 328 307 452 304 171 
980: 34 528 415 
1261: 413 489 97 202 412 
151: 413 329 120 117 412 328 
595: 666 354 
13: 591 32 
1198: 329 411 330 429 410 328 418 121 203 
823: 483 328 488 452 414 
