1: 114 436 452 453 454 480 693 694 1014 1077 
2: 1 1057 
3: 343
4: 330 479 803 1228 1229 
5: 481 522 1254 1255 1256 
6: 2 1058 
7: 472
8: 739
9: 583 584 585 586 807 808 
10: 464 778 779 850 
11: 3
12: 330
13: 106 846 
14: 335 545 
15: 335 336 
16: 646
17: 166 198 517 
18: 607 844 
19: 298 317 1163 
20: 4 1059 
21: 332 333 691 
22: 4 1059 
23: 340 870 872 874 993 
24: 334
25: 5 6 
26: 856
27: 622 623 
28: 322 1026 
29: 822 998 1384 1385 
30: 11 765 1358 
31: 12 26 127 128 129 1062 1063 1064 1065 1083 1084 1085 1086 1087 1088 
32: 13 127 128 129 765 1083 1084 1085 1086 1087 1088 1358 
33: 14 25 130 131 132 1060 1061 1089 1090 1091 1092 1093 
34: 5 62 275 758 936 980 981 
35: 41 777 
36: 352 805 1169 1170 1171 1172 1372 1373 
37: 15 136 137 138 767 1099 1100 1101 1102 1103 1360 
38: 16 17 836 837 1015 1016 1017 1463 
39: 789
40: 786
41: 788
42: 787
43: 23 621 622 
44: 18 623 624 625 
45: 621 769 770 
46: 19 28 
47: 317 318 
48: 318 933 
49: 20 927 
50: 21 577 
51: 607 1008 
52: 23
53: 24 34 133 134 135 1066 1094 1095 1096 1097 1098 
54: 25 306 624 625 691 1039 1040 1060 1061 
55: 26 27 307 608 609 1062 1063 1064 1065 
56: 28 558 
57: 801 803 805 1368 1372 1373 
58: 801 855 1368 
59: 252 854 
60: 215 643 644 1304 
61: 215 223 
62: 37 700 
63: 37 42 44 45 506 987 988 1067 1068 
64: 44 343 1067 
65: 29 88 316 441 
66: 88 89 
67: 111 581 996 1283 1284 
68: 581 822 1283 1284 1384 1385 
69: 456 650 
70: 160 1114 
71: 160 1114 
72: 350 351 
73: 31 253 558 
74: 583 584 585 586 
75: 33
76: 567 996 
77: 571 650 
78: 34 637 638 769 770 1066 
79: 567 987 988 998 
80: 221 224 
81: 219 223 
82: 219 221 
83: 183 191 
84: 824 835 
85: 832 835 
86: 816 894 895 
87: 115 846 
88: 35 121 831 
89: 336 816 
90: 331 817 
91: 450 451 452 967 
92: 692 699 
93: 666 699 
94: 692 946 947 
95: 673 698 1339 
96: 677 678 679 680 817 
97: 529 804 1261 1369 1370 1371 
98: 468 469 804 1369 1370 1371 
99: 36 158 167 
100: 75 76 361 362 364 365 366 367 368 369 399 402 405 408 410 413 415 418 419 422 661 662 
101: 172 173 174 
102: 39 40 41 
103: 39 40 914 
104: 435 1007 
105: 435 629 630 
106: 826 827 943 
107: 319 827 
108: 182
109: 729 730 
110: 730 1014 
111: 386 930 
112: 645 949 950 1433 
113: 964
114: 46 580 
115: 38 166 
116: 43 175 
117: 37 63 64 65 67 68 83 84 85 86 112 113 150 151 152 254 274 672 987 988 1113 1139 1331 
118: 75 76 422 
119: 456
120: 53 54 141 142 143 144 150 151 152 886 887 978 979 1069 1070 1108 1109 1113 1398 1399 1400 1401 
121: 30 46 47 48 49 50 51 52 55 56 58 61 67 68 75 76 83 84 263 264 265 268 269 319 387 388 389 390 391 392 393 394 395 396 397 423 424 517 559 560 580 589 624 625 651 763 764 765 766 767 791 793 925 943 1071 1142 1146 1190 1191 1192 1193 1194 1195 1196 1197 1198 1199 1200 1201 1202 1273 1306 1356 1357 1358 1359 1360 1366 
122: 57 65 763 1356 
123: 59 1021 
124: 58 59 
125: 112 113 589 672 987 988 1331 
126: 77
127: 77
128: 263 264 265 1142 
129: 274 925 
130: 53 211 887 1069 1070 1400 1401 
131: 755 1354 1355 
132: 90 91 101 103 692 869 870 1074 1075 1076 
133: 87 100 101 102 110 748 869 
134: 55 56 60 92 93 94 95 96 97 100 104 168 191 199 200 203 205 206 207 208 229 250 270 271 283 284 289 293 304 308 310 329 331 334 337 339 358 363 448 450 451 452 453 454 473 494 500 504 505 509 523 533 540 542 567 568 569 570 581 590 617 626 677 683 684 685 686 687 705 706 707 715 720 721 722 723 724 725 726 727 728 784 796 797 798 799 803 817 819 821 822 824 833 842 843 846 848 877 878 879 883 893 896 899 900 907 934 937 938 939 958 966 968 991 994 997 1025 1033 1034 1035 1046 1126 1127 1129 1147 1148 1164 1175 1249 1275 1276 1277 1278 1283 1284 1341 1342 1364 1367 1384 1385 1397 1402 1403 1404 1405 1406 1407 1425 1426 
135: 708 709 1343 1344 1345 1346 
136: 7 9 19 23 77 110 182 248 321 562 739 917 1027 1274 
137: 120 325 544 
138: 106 114 605 1077 
139: 111 115 843 
140: 41 42 80 116 118 119 122 123 193 194 350 351 507 508 512 559 560 591 599 600 601 602 608 609 637 638 768 773 810 855 915 964 1009 1015 1016 1017 1026 1039 1040 1250 1273 1375 1458 1463 
141: 149 781 1112 
142: 109 122 123 124 125 167 543 577 629 754 1078 1079 1080 1081 1352 1353 
143: 124
144: 157 1033 
145: 154 155 
146: 153 154 156 
147: 7 9 19 23 77 98 158 159 182 248 321 562 671 739 917 1027 1274 1330 
148: 98 946 947 
149: 158
150: 39 40 83 84 92 93 94 95 96 97 100 103 105 124 163 178 179 180 186 187 188 195 196 202 210 260 277 370 371 372 373 374 375 376 377 378 379 380 381 382 383 384 385 501 513 514 526 528 575 582 610 611 639 640 647 648 674 675 702 712 715 748 781 785 811 812 851 853 928 983 984 992 1010 1011 1018 1019 1041 1120 1176 1177 1178 1179 1180 1181 1182 1183 1184 1185 1186 1187 1188 1189 1257 1365 1390 1392 1393 1394 1395 1420 
151: 3
152: 164 165 629 
153: 168 199 
154: 200
155: 793 1366 
156: 149 826 827 828 1112 
157: 754 1352 1353 
158: 169 826 
159: 104 916 939 
160: 170 173 174 
161: 171 175 
162: 176 177 179 180 181 1115 1116 
163: 177 178 
164: 179 180 
165: 184 186 187 188 189 1120 1121 1122 1123 
166: 187 188 
167: 107 178 184 186 190 191 192 193 194 195 196 197 846 1120 1124 1125 
168: 183 587 588 
169: 195 196 
170: 198 978 
171: 39 40 55 56 60 83 84 92 93 99 100 104 124 178 179 180 186 187 188 191 195 196 199 202 203 204 205 206 207 208 209 229 250 260 270 271 277 283 284 289 293 304 308 310 329 331 334 337 339 358 363 370 371 372 373 374 375 376 377 378 379 380 381 382 383 384 385 437 438 448 450 451 452 453 454 473 494 500 501 504 505 509 513 514 523 526 528 533 540 542 567 568 569 570 575 581 582 590 610 611 617 626 639 640 647 648 671 674 675 677 683 684 685 686 687 705 706 707 712 720 721 722 723 724 725 726 727 728 733 734 737 781 784 796 797 798 799 803 811 812 817 819 821 822 824 833 842 843 846 848 851 853 866 877 878 879 883 893 896 907 908 916 928 934 937 938 958 966 968 983 984 991 992 994 997 1010 1011 1018 1019 1025 1033 1034 1035 1041 1046 1120 1126 1127 1129 1147 1148 1164 1175 1176 1177 1178 1179 1180 1181 1182 1183 1184 1185 1186 1187 1188 1189 1249 1257 1275 1276 1277 1278 1283 1284 1330 1341 1342 1349 1364 1367 1384 1385 1390 1392 1393 1394 1395 1397 1414 1420 1425 1426 
172: 209
173: 211 212 
174: 209 213 214 
175: 99 785 1365 
176: 321
177: 190 315 
178: 190 229 759 1129 
179: 283 326 678 722 903 904 1410 1411 
180: 247
181: 795
182: 231 235 237 238 241 1133 
183: 232 236 239 240 242 1134 
184: 241
185: 242
186: 233 235 243 245 1131 1135 1136 
187: 234 236 244 246 1132 1137 1138 
188: 245
189: 246
190: 543
191: 112
192: 254 255 1139 1140 1141 
193: 254 1139 
194: 249 250 531 
195: 247 250 
196: 89 165 251 252 253 
197: 78 256 268 269 1072 1146 
198: 178 759 
199: 321
200: 257 281 283 745 789 835 
201: 21 890 
202: 17 22 25 26 34 62 66 98 115 116 121 157 166 167 219 220 258 261 293 331 398 399 400 401 402 403 404 405 406 407 408 409 410 411 412 413 414 415 416 417 418 419 420 421 422 423 424 431 432 483 486 506 519 529 561 599 600 601 602 607 616 667 668 738 758 769 770 771 772 777 791 832 833 836 837 838 841 886 887 927 964 987 988 1024 1029 1060 1061 1062 1063 1064 1065 1066 1203 1204 1261 1292 1293 1294 1387 1388 1389 1398 1399 1400 1401 
203: 30 31 46 47 48 49 50 51 52 58 61 67 68 75 76 82 83 84 117 121 167 231 232 233 234 237 238 239 240 243 244 259 260 263 264 265 268 269 319 329 370 371 372 373 374 375 376 377 378 379 380 381 382 383 384 385 387 388 389 390 391 392 393 394 395 396 397 398 400 401 403 404 406 407 409 411 412 414 416 417 420 421 423 424 503 517 559 560 579 580 589 624 625 626 651 660 661 662 758 763 764 765 766 767 791 793 859 860 861 862 863 864 865 925 927 943 958 1071 1131 1132 1133 1134 1135 1136 1137 1138 1142 1146 1176 1177 1178 1179 1180 1181 1182 1183 1184 1185 1186 1187 1188 1189 1190 1191 1192 1193 1194 1195 1196 1197 1198 1199 1200 1201 1202 1273 1282 1306 1356 1357 1358 1359 1360 1366 
204: 261 1029 
205: 262 263 264 265 1142 
206: 257 266 267 1143 1144 1145 
207: 247 270 271 326 678 722 795 835 910 1147 1148 1416 
208: 274 275 277 279 505 672 835 935 987 988 1154 1155 1156 1157 1158 1331 
209: 275 276 278 672 935 1153 1331 
210: 277
211: 280 281 282 745 
212: 288 290 747 870 
213: 289 495 727 899 900 1402 1403 1404 1405 1406 1407 
214: 289 747 786 
215: 158 291 293 
216: 495 727 908 1414 
217: 292 894 
218: 370 398 401 859 
219: 48 69 370 400 403 859 
220: 105 107 
221: 284 726 903 904 1410 1411 
222: 284 294 744 
223: 295 726 910 1416 
224: 296 297 744 
225: 361 371 401 404 407 860 
226: 361 402 405 408 
227: 49 70 371 403 406 860 
228: 304 718 724 752 901 902 1408 1409 
229: 304 718 749 
230: 305 749 872 
231: 724 752 909 1415 
232: 308 518 1164 
233: 308 425 426 427 460 461 681 891 999 1164 1220 
234: 309 310 995 
235: 120 311 324 
236: 312 313 314 315 
237: 324 325 
238: 310 316 441 
239: 288 320 874 
240: 322 666 
241: 894 895 
242: 323 620 
243: 712 737 1349 
244: 326
245: 326 327 328 1165 1166 1167 1168 
246: 329 866 
247: 334
248: 931 1027 
249: 214 293 
250: 337 723 
251: 337 746 991 995 
252: 338 723 
253: 725 905 906 1034 1412 1413 
254: 294 339 342 740 995 1034 
255: 296 339 340 341 740 
256: 295 342 725 911 1417 
257: 32 350 351 807 
258: 298 427 963 990 1163 1444 1454 
259: 605 606 
260: 225 226 354 1173 
261: 355
262: 218 356 357 1174 
263: 356
264: 216 217 218 248 1128 
265: 216 217 225 1128 
266: 172
267: 358 359 1175 
268: 358 795 856 942 1175 
269: 65 141 142 143 144 360 763 1108 1109 1356 
270: 426 448 
271: 429 797 1367 
272: 428 429 467 471 489 570 656 796 797 802 963 990 1278 1367 1444 1454 
273: 192 437 438 445 446 461 955 957 1434 1435 1436 1440 1441 1442 
274: 386
275: 425 428 448 796 
276: 430 433 932 
277: 226 434 917 1205 
278: 480 848 
279: 437 438 439 440 443 444 893 
280: 439 440 443 444 
281: 292 322 431 432 435 442 453 454 544 545 643 644 930 1203 1204 1304 
282: 843 848 
283: 114 613 1077 1289 
284: 447 532 566 951 
285: 449 570 920 1206 1207 1208 1209 1210 1211 1212 1213 1214 1215 1216 1217 1218 1219 1278 
286: 105 106 177 313 443 444 445 446 455 456 457 955 956 1434 1435 1436 1437 1438 1439 
287: 476 498 806 1023 1222 1374 
288: 425 479 963 989 990 999 1008 1228 1229 1444 1453 1454 
289: 459 531 
290: 462
291: 468 469 470 568 689 802 806 1003 1275 1276 1374 
292: 470 471 509 
293: 303 355 472 473 474 477 490 670 892 1223 1224 1225 1226 1227 
294: 473 475 1023 
295: 800
296: 58 467 478 489 800 
297: 480 842 
298: 111 311 482 
299: 94 95 107 201 281 328 458 494 495 679 716 717 720 751 901 902 1036 1408 1409 
300: 328 458 655 
301: 447 491 
302: 490
303: 303 474 496 497 499 509 568 652 922 1004 1005 1230 1231 1232 1233 1234 1235 1236 1237 1238 1239 1240 1241 1242 1243 1244 1245 1275 1276 1307 1308 1309 1310 1311 1312 
304: 89 165 186 229 271 489 500 501 502 510 511 512 528 605 848 1120 1129 1148 1246 1247 1248 
305: 501
306: 503
307: 41 42 61 80 89 122 123 165 186 193 194 229 271 310 350 351 489 500 504 505 506 507 508 510 511 512 513 514 515 528 591 605 608 609 637 638 755 768 773 774 778 810 848 855 885 914 968 1009 1015 1016 1017 1026 1039 1040 1071 1120 1129 1148 1249 1250 1251 1252 1253 1354 1355 1375 1458 1463 
308: 465 466 504 1249 
309: 464 465 466 773 885 
310: 543
311: 505 542 
312: 513 514 
313: 109 516 603 651 1024 1306 
314: 109 121 483 486 492 493 517 519 526 527 542 842 978 979 987 988 1257 1258 1259 1260 
315: 126 426 1082 
316: 126 463 490 518 520 521 523 1082 1221 
317: 460 461 463 523 531 1220 1221 
318: 481 496 497 498 
319: 526 1257 
320: 494 495 528 533 546 548 716 717 750 788 
321: 201
322: 323 532 
323: 530 533 534 750 871 
324: 535 536 537 538 539 1262 1263 1264 1265 1266 1267 1268 
325: 386 524 525 535 537 538 539 541 542 543 642 930 1262 1263 1264 1265 1266 1267 1268 
326: 94 95 107 200 201 281 544 545 546 655 679 720 751 909 1036 1415 
327: 530 547 548 549 871 872 1269 1270 1271 
328: 1 2 3 5 6 9 10 16 19 20 21 25 26 30 31 32 34 35 36 39 40 44 45 55 56 58 61 62 63 64 65 66 67 68 82 85 87 88 90 91 98 100 102 104 107 108 111 112 113 115 116 119 120 121 125 126 127 128 129 130 131 132 133 134 135 136 137 138 139 140 141 142 143 144 145 146 147 148 149 150 151 152 154 157 159 163 165 166 167 168 173 174 175 178 181 182 183 186 189 190 192 197 198 199 200 201 202 203 206 207 208 209 211 213 214 215 216 217 218 219 220 221 222 223 224 225 229 230 231 232 233 234 235 236 237 238 239 240 241 242 243 244 245 246 247 248 249 250 254 255 256 259 261 266 267 268 269 270 271 272 273 274 279 280 281 282 285 286 287 288 290 291 292 293 294 295 296 297 299 300 301 302 305 308 309 310 311 315 319 320 321 322 325 326 327 329 330 332 333 334 335 336 339 341 342 356 358 361 362 363 364 365 366 367 368 369 386 387 388 389 390 391 392 393 394 395 396 397 398 399 400 401 402 403 404 405 406 407 408 409 410 411 412 413 414 415 416 417 418 419 420 421 422 423 424 430 432 435 436 437 438 439 440 448 449 452 456 457 458 460 464 465 466 468 469 473 475 476 477 479 480 483 485 486 488 500 502 505 506 507 508 509 512 515 518 521 522 523 524 525 527 528 531 533 534 535 537 540 542 544 545 546 547 549 551 552 553 554 555 556 559 560 561 562 567 568 569 570 571 572 573 576 579 580 581 582 583 584 585 586 587 588 590 592 605 607 612 614 616 617 618 619 621 624 625 627 628 629 630 631 632 633 634 636 641 643 644 646 649 651 653 654 655 657 660 663 664 665 669 672 673 676 677 678 679 680 683 684 685 686 687 690 693 694 698 700 702 703 704 705 706 707 708 709 712 713 714 715 716 717 718 719 730 733 734 735 737 738 751 752 759 769 770 771 772 775 777 778 779 781 782 784 785 786 787 788 789 790 793 794 795 796 797 798 799 801 804 807 808 813 814 818 820 823 824 825 829 830 831 832 835 838 841 842 843 846 847 848 850 852 853 857 859 860 861 862 863 864 865 866 867 877 878 879 881 883 885 886 887 889 890 893 896 897 898 907 914 915 916 917 920 921 922 927 929 930 931 932 933 934 935 936 937 938 939 943 944 946 947 948 949 950 951 953 954 960 961 964 966 967 968 974 977 985 986 987 988 991 992 996 998 1000 1001 1003 1006 1012 1014 1020 1021 1024 1027 1029 1031 1032 1033 1035 1036 1037 1038 1042 1045 1046 1047 1048 1057 1058 1060 1061 1062 1063 1064 1065 1066 1067 1068 1071 1074 1075 1076 1078 1079 1080 1081 1082 1083 1084 1085 1086 1087 1088 1089 1090 1091 1092 1093 1094 1095 1096 1097 1098 1099 1100 1101 1102 1103 1104 1105 1106 1107 1108 1109 1110 1111 1112 1113 1115 1116 1120 1121 1122 1123 1124 1125 1127 1128 1129 1130 1131 1132 1133 1134 1135 1136 1137 1138 1139 1140 1141 1143 1144 1145 1146 1147 1148 1149 1150 1151 1152 1154 1155 1156 1157 1158 1159 1160 1161 1162 1164 1165 1166 1167 1168 1175 1190 1191 1192 1193 1194 1195 1196 1197 1198 1199 1200 1201 1202 1206 1207 1208 1209 1210 1211 1212 1213 1214 1215 1216 1217 1218 1219 1220 1222 1223 1224 1225 1226 1227 1228 1229 1246 1247 1248 1250 1251 1252 1253 1254 1255 1256 1258 1259 1260 1262 1263 1264 1269 1270 1271 1273 1274 1275 1276 1277 1278 1279 1280 1281 1282 1283 1284 1285 1286 1287 1288 1290 1291 1292 1293 1294 1295 1296 1297 1299 1300 1301 1302 1303 1304 1305 1306 1313 1314 1315 1316 1317 1318 1319 1320 1321 1322 1323 1324 1325 1326 1327 1328 1329 1331 1332 1333 1334 1335 1336 1337 1339 1340 1341 1342 1343 1344 1345 1346 1349 1361 1363 1364 1365 1366 1367 1368 1369 1370 1371 1376 1377 1378 1379 1380 1381 1382 1383 1387 1388 1389 1391 1392 1393 1394 1395 1396 1397 1398 1399 1400 1401 1421 1422 1423 1424 1425 1426 1429 1430 1431 1432 1433 1443 1448 1449 1450 1451 1452 1455 1456 1457 1459 1460 1461 1462 1464 1465 1466 1467 1468 1469 1470 1471 1472 
329: 3 4 8 30 31 32 33 37 38 44 63 64 65 67 68 82 87 90 101 110 120 145 146 147 148 149 150 151 152 153 154 157 160 161 162 163 168 169 176 184 186 202 203 205 206 207 208 210 216 217 223 224 225 227 228 229 230 235 236 241 242 245 246 248 254 257 259 261 266 268 269 271 272 275 276 278 280 288 294 295 296 298 299 300 301 302 303 306 307 315 316 318 322 324 325 336 342 343 344 345 346 347 348 349 352 355 361 362 363 364 365 366 367 368 369 387 388 389 390 391 392 393 394 395 396 397 398 399 400 401 402 403 404 405 406 407 408 409 410 411 412 413 414 415 416 417 418 419 420 421 422 423 424 428 429 435 452 455 456 463 464 467 472 474 481 490 492 493 496 497 507 508 510 511 522 524 525 528 530 531 538 539 540 544 545 546 547 550 557 559 560 561 565 566 573 574 577 578 580 594 606 607 613 614 622 623 624 625 629 630 636 643 644 651 652 658 660 666 670 671 688 691 693 694 700 702 708 709 710 715 716 717 718 719 736 740 741 742 743 744 745 746 747 748 749 750 751 752 753 754 755 778 785 786 787 788 789 804 807 808 816 818 820 826 827 828 829 830 831 838 839 845 847 848 857 858 859 860 861 862 863 864 865 876 882 885 890 891 892 894 899 900 901 902 903 904 905 906 908 909 910 911 914 915 918 919 930 936 949 950 953 961 962 966 967 969 970 971 972 975 982 987 988 996 1002 1004 1005 1008 1024 1028 1038 1051 1059 1067 1110 1111 1112 1113 1114 1120 1126 1127 1128 1129 1130 1139 1146 1148 1149 1150 1151 1153 1163 1169 1170 1171 1172 1190 1191 1192 1193 1194 1195 1196 1197 1198 1199 1200 1201 1202 1221 1250 1254 1255 1256 1265 1266 1267 1268 1272 1273 1289 1290 1291 1304 1306 1307 1308 1309 1310 1311 1312 1330 1338 1343 1344 1345 1346 1350 1351 1352 1353 1354 1355 1365 1369 1370 1371 1402 1403 1404 1405 1406 1407 1408 1409 1410 1411 1412 1413 1414 1415 1416 1417 1418 1419 1433 1443 1445 1446 1447 1473 1474 1475 
330: 38 69 70 71 72 73 74 169 172 227 228 230 314 387 388 389 390 391 392 393 394 395 396 397 538 539 792 826 827 828 876 880 882 969 970 971 972 1130 1190 1191 1192 1193 1194 1195 1196 1197 1198 1199 1200 1201 1202 1265 1266 1267 1268 1445 1446 1447 
331: 113 274 961 1443 
332: 577 630 
333: 55 56 229 561 784 1033 1129 1364 
334: 110 113 276 278 562 673 682 1153 1274 
335: 365 376 377 409 414 417 563 862 1180 1181 
336: 366 378 379 412 564 1182 1183 
337: 300 378 379 389 390 1182 1183 1193 1194 1195 
338: 366 413 
339: 384 421 
340: 74 232 234 239 240 244 384 1132 1134 1137 1138 
341: 558 840 
342: 17 571 
343: 182 573 575 576 1279 1280 1281 
344: 574 591 
345: 573 574 
346: 575
347: 578 1028 
348: 579 580 1282 
349: 587 588 589 590 
350: 682
351: 90 592 593 873 874 
352: 942
353: 162
354: 63 595 764 1357 
355: 63 133 134 135 596 764 1094 1095 1096 1097 1098 1357 
356: 192 891 
357: 64 597 766 1359 
358: 64 130 131 132 598 766 1089 1090 1091 1092 1093 1359 
359: 78 599 600 601 602 603 1072 
360: 139 140 146 147 148 604 616 1104 1105 1106 1107 1111 1292 1293 1294 
361: 96 97 728 
362: 608 609 610 611 612 1285 1286 1287 1288 
363: 610 611 
364: 591 606 
365: 107 163 593 613 614 617 742 787 1289 1290 1291 
366: 146 147 148 162 753 1111 1350 1351 
367: 753 1350 1351 
368: 139 140 615 1104 1105 1106 1107 
369: 616 1009 1292 1293 1294 1458 
370: 472 618 688 1295 1338 
371: 87 617 619 742 873 
372: 323 331 447 491 532 620 840 
373: 96 97 728 
374: 631
375: 285 286 287 524 525 1159 1160 1161 1162 
376: 632 633 636 1296 
377: 634 636 1297 
378: 635 643 644 645 1298 1304 
379: 637 638 639 640 641 1299 1300 1301 1302 1303 
380: 639 640 
381: 524 525 642 
382: 647 648 649 915 1305 
383: 647 648 
384: 118 455 651 654 663 664 665 667 668 1306 
385: 399 402 405 408 410 413 415 418 419 422 661 662 
386: 55 56 398 400 401 403 404 406 407 409 411 412 414 416 417 420 421 423 424 661 662 
387: 652 653 1307 1308 1309 1310 1311 1312 1313 1314 1315 
388: 355 569 657 1277 1316 1317 1318 1319 1320 1321 1322 1323 1324 1325 1326 1327 1328 1329 
389: 655 815 
390: 569 656 815 1277 
391: 327 1165 1166 1167 1168 
392: 303 474 669 
393: 670
394: 112 562 671 673 674 675 676 682 1026 1274 1330 1332 1333 1334 1335 1336 1337 
395: 450 451 693 694 695 696 697 967 
396: 436 674 675 
397: 579 677 678 679 680 1282 
398: 682
399: 683 684 685 820 821 
400: 686 687 
401: 688 689 1338 
402: 683 818 819 
403: 484 487 492 493 519 691 695 696 697 698 995 1339 
404: 690
405: 38 634 642 681 1297 
406: 362 405 410 413 
407: 169 700 
408: 714
409: 701 713 736 
410: 5 16 30 32 40 44 127 128 130 131 133 134 136 137 139 140 141 142 143 144 145 146 149 150 173 211 217 219 220 386 387 388 389 390 391 392 393 394 395 396 397 431 439 460 466 479 485 488 507 512 519 551 552 553 554 555 556 565 572 573 583 585 587 599 614 621 636 644 663 664 665 667 696 700 702 703 704 706 707 708 709 710 712 733 734 758 778 790 791 801 807 836 850 915 920 921 950 1048 1067 1083 1084 1085 1086 1089 1090 1091 1092 1094 1095 1096 1097 1099 1100 1101 1102 1104 1105 1106 1107 1108 1109 1110 1112 1128 1190 1191 1192 1193 1194 1195 1196 1197 1198 1199 1200 1201 1202 1203 1204 1220 1228 1229 1290 1291 1304 1340 1342 1343 1344 1345 1346 1368 1433 
411: 5 16 30 32 40 44 127 128 130 131 133 134 136 137 139 140 141 142 143 144 145 146 149 150 173 211 217 219 220 386 387 388 389 390 391 392 393 394 395 396 397 431 439 460 466 479 485 488 507 512 519 551 552 553 554 555 556 565 572 573 583 585 587 599 614 621 636 644 663 664 665 667 696 700 703 704 705 758 778 790 791 801 807 836 850 915 920 921 950 1048 1067 1083 1084 1085 1086 1089 1090 1091 1092 1094 1095 1096 1097 1099 1100 1101 1102 1104 1105 1106 1107 1108 1109 1110 1112 1128 1190 1191 1192 1193 1194 1195 1196 1197 1198 1199 1200 1201 1202 1203 1204 1220 1228 1229 1290 1291 1304 1340 1341 1368 1433 
412: 20 39 108 126 129 132 135 138 147 148 151 152 174 175 183 198 215 216 218 221 222 223 224 225 235 236 241 242 245 246 299 300 301 302 309 332 333 335 387 389 391 393 394 398 399 400 401 402 403 404 405 406 407 408 409 410 411 412 413 414 415 416 417 418 419 420 421 422 423 424 440 465 468 469 508 518 529 535 537 579 584 586 588 600 601 602 627 628 630 634 643 646 668 695 697 698 706 707 710 711 730 779 837 857 885 914 922 931 933 949 951 953 961 1000 1001 1047 1082 1087 1088 1093 1098 1103 1111 1113 1190 1191 1193 1194 1196 1197 1199 1200 1201 1250 1261 1262 1263 1264 1282 1297 1339 1342 1443 1455 1456 1457 
413: 20 39 108 126 129 132 135 138 147 148 151 152 174 175 183 198 215 216 218 221 222 223 224 225 235 236 241 242 245 246 299 300 301 302 309 332 333 335 387 389 391 393 394 398 399 400 401 402 403 404 405 406 407 408 409 410 411 412 413 414 415 416 417 418 419 420 421 422 423 424 440 465 468 469 508 518 529 535 537 579 584 586 588 600 601 602 627 628 630 634 643 646 668 695 697 698 705 730 779 837 857 885 914 922 931 933 949 951 953 961 1000 1001 1047 1082 1087 1088 1093 1098 1103 1111 1113 1190 1191 1193 1194 1196 1197 1199 1200 1201 1250 1261 1262 1263 1264 1282 1297 1339 1341 1443 1455 1456 1457 
414: 708 709 736 739 823 1343 1344 1345 1346 
415: 38 87 90 157 160 161 162 163 169 184 266 270 275 276 280 288 294 295 296 336 467 484 487 500 507 508 510 519 547 578 712 731 732 736 753 754 755 876 882 926 936 980 981 987 988 1024 1114 1147 1153 1250 1347 1348 1350 1351 1352 1353 1354 1355 
416: 713 737 738 1349 
417: 702 733 734 735 907 
418: 8 10 17 21 28 38 69 70 71 72 73 74 169 172 216 217 223 224 225 227 228 235 236 241 242 245 246 248 261 272 299 300 301 302 314 387 388 389 390 391 392 393 394 395 396 397 407 408 412 413 417 418 419 565 571 630 643 644 756 792 826 827 828 839 857 876 880 882 949 950 964 1007 1128 1149 1150 1151 1190 1191 1192 1193 1194 1195 1196 1197 1198 1199 1200 1201 1202 1304 1433 
419: 193 194 268 269 660 663 664 665 757 784 833 1146 1364 
420: 47 385 397 400 423 865 
421: 367 380 414 420 760 864 1184 1185 
422: 367 415 
423: 368 381 417 761 1186 1187 
424: 369 382 762 1188 1189 
425: 369 419 
426: 302 382 393 394 395 1188 1189 1199 1200 1201 1202 
427: 385 398 424 865 
428: 368 418 
429: 301 302 381 391 392 1186 1187 1196 1197 1198 
430: 768
431: 176 759 772 773 774 775 1361 
432: 312 313 314 776 1362 
433: 771 776 1362 
434: 145 161 1110 
435: 136 137 138 145 780 841 1099 1100 1101 1102 1103 1110 1387 1388 1389 
436: 161
437: 365 410 415 418 419 
438: 82 259 832 866 
439: 332 333 781 
440: 82 210 259 782 783 1363 
441: 104 782 1363 
442: 792 879 
443: 491 840 
444: 298 352 833 854 883 1163 1169 1170 1171 1172 1397 
445: 793 794 1366 
446: 810 811 812 813 1375 1376 1377 1378 1379 
447: 767 809 1360 
448: 811 812 
449: 590 982 
450: 810 838 841 1375 1387 1388 1389 
451: 33 768 
452: 4 33 55 56 107 108 111 120 183 190 199 200 201 202 203 205 206 207 208 210 229 252 270 271 293 298 310 317 322 324 331 340 363 428 429 450 451 452 453 454 463 465 466 479 498 500 505 540 542 546 574 594 626 671 681 688 692 710 715 716 717 718 719 740 741 742 743 744 745 746 747 748 749 750 751 752 759 784 814 816 818 820 823 829 830 842 843 846 848 854 858 869 870 871 872 873 874 875 884 891 894 918 919 939 958 966 968 975 982 993 1002 1033 1038 1059 1126 1127 1129 1147 1148 1163 1221 1228 1229 1330 1338 1364 1380 1381 1382 1383 1418 1419 
453: 167
454: 51 72 300 376 377 411 416 862 927 1180 1181 
455: 781 824 825 
456: 578 831 
457: 251 836 837 838 
458: 39 40 83 84 99 103 124 164 178 179 180 186 187 188 195 196 204 209 247 260 277 323 325 342 370 371 372 373 374 375 376 377 378 379 380 381 382 383 384 385 437 438 441 447 475 476 491 501 511 513 514 526 528 532 545 548 558 566 575 593 610 611 639 640 647 648 655 671 674 675 712 713 733 734 737 738 776 781 795 811 812 829 830 835 840 847 851 866 916 928 951 983 984 998 1010 1011 1018 1019 1021 1030 1041 1044 1120 1176 1177 1178 1179 1180 1181 1182 1183 1184 1185 1186 1187 1188 1189 1222 1257 1330 1349 1362 1390 1420 
459: 818 819 
460: 820 821 
461: 261 839 
462: 511 842 
463: 164 844 
464: 845 847 
465: 204 847 
466: 845 849 
467: 605 849 
468: 779 850 851 852 1390 1391 
469: 851 1390 
470: 103 164 204 511 548 593 713 738 776 853 1030 1044 1362 1392 1393 1394 1395 
471: 1051 1473 1474 1475 
472: 855 858 
473: 856 919 938 1419 1426 
474: 233 234 243 244 857 919 938 1131 1132 1135 1136 1137 1138 1419 1426 
475: 772 867 868 946 1396 
476: 594 876 877 
477: 594 877 882 
478: 878 880 882 
479: 792 876 878 
480: 879 880 881 
481: 62 66 88 109 122 123 165 253 276 285 286 632 659 667 668 784 791 883 886 887 888 889 926 987 988 1153 1159 1160 1161 1162 1296 1364 1397 1398 1399 1400 1401 
482: 738 890 891 
483: 823 834 869 871 873 875 884 1386 
484: 257 834 853 896 913 988 989 1051 1386 1392 1393 1394 1395 1453 1473 1474 1475 
485: 892
486: 101 530 896 898 
487: 893 895 897 
488: 823 907 
489: 292 529 912 913 1261 
490: 214
491: 427 799 
492: 799 963 989 1444 1453 
493: 914 915 
494: 670 920 922 923 
495: 921 924 
496: 931 932 
497: 278 492 493 646 858 925 926 927 928 929 1008 1420 1421 1422 1423 1424 
498: 928 1420 
499: 932
500: 933 934 
501: 854 934 
502: 782 940 961 964 1363 1443 
503: 916 939 941 1427 1428 
504: 918 937 942 1418 1425 
505: 20 231 232 237 238 239 240 857 918 937 1133 1134 1418 1425 
506: 343 828 943 944 945 946 947 1429 1430 1431 1432 
507: 319 828 947 948 
508: 949 950 951 1433 
509: 921 952 
510: 73 301 380 396 416 864 1184 1185 
511: 313 443 444 445 446 603 659 935 936 953 954 955 956 958 964 1434 1435 1436 1437 1438 1439 
512: 935 936 
513: 892 960 
514: 42 953 
515: 798
516: 798
517: 964 965 
518: 50 71 299 372 373 406 411 503 863 1176 1177 
519: 364 408 
520: 299 374 375 387 388 1178 1179 1190 1191 1192 
521: 503
522: 114 309 436 453 454 480 484 487 492 493 519 673 691 968 1014 1077 
523: 968
524: 975 977 992 996 1448 1449 
525: 975 997 998 
526: 992 994 997 
527: 994
528: 979 980 981 982 983 984 985 1450 1451 1452 
529: 983 984 
530: 986 993 
531: 746 974 991 993 
532: 782 899 900 901 902 903 904 905 906 908 909 910 911 969 970 971 972 1000 1001 1363 1402 1403 1404 1405 1406 1407 1408 1409 1410 1411 1412 1413 1414 1415 1416 1417 1445 1446 1447 1455 1456 1457 
533: 782 899 900 901 902 903 904 905 906 908 909 910 911 969 970 971 972 1000 1001 1363 1402 1403 1404 1405 1406 1407 1408 1409 1410 1411 1412 1413 1414 1415 1416 1417 1445 1446 1447 1455 1456 1457 
534: 1002 1004 1005 1006 
535: 1002 1003 
536: 124
537: 179 180 
538: 187 188 
539: 195 196 
540: 277
541: 501
542: 513 514 
543: 526 1257 
544: 575
545: 610 611 
546: 639 640 
547: 647 648 
548: 674 675 
549: 811 812 
550: 851 1390 
551: 928 1420 
552: 983 984 
553: 1010 1011 
554: 1018 1019 
555: 1041
556: 1007 1008 1009 1010 1011 1012 1458 1459 1460 1461 1462 
557: 1010 1011 
558: 383 420 421 861 
559: 52 231 233 237 238 243 383 396 861 1131 1133 1135 1136 
560: 362 372 373 404 409 412 863 1013 1176 1177 
561: 364 374 375 407 1178 1179 
562: 1014 1015 1016 1017 1018 1019 1020 1463 1464 1465 1466 1467 1468 
563: 1018 1019 
564: 1 2 255 356 522 680 719 721 905 906 1003 1025 1057 1058 1140 1141 1254 1255 1256 1412 1413 
565: 255 1021 1140 1141 
566: 1 2 356 476 522 1003 1022 1023 1057 1058 1222 1254 1255 1256 
567: 475 1022 1023 
568: 719 743 771 1025 1030 1035 1036 1038 
569: 1027 1028 1029 
570: 266 340 884 1030 1031 1051 1473 1474 1475 
571: 153 1024 
572: 153 176 1032 1033 
573: 280 743 884 1035 1036 1037 
574: 270 271 475 476 680 721 911 1021 1038 1147 1148 1222 1417 
575: 1039 1040 1041 1042 1469 1470 1471 1472 
576: 1041
577: 547 875 1043 1044 
578: 528 614 741 1044 1290 1291 
579: 741 875 1045 
580: 912 987 989 990 1046 1453 1454 
581: 1047 1050 
582: 1047 1048 1049 
583: 1046 1048 
584: 220 224 
585: 220 222 
586: 222 248 917 1052 1476 
587: 0 1053 1054 1055 1056 
588: 6
589: 11
590: 12
591: 13
592: 14
593: 15
594: 18
595: 24
596: 27
597: 45 1068 
598: 29
599: 35
600: 36
601: 729
602: 43
603: 85 86 
604: 54
605: 57
606: 91 1074 1075 1076 
607: 102
608: 118 119 
609: 125 1078 1079 1080 1081 
610: 155
611: 156
612: 159
613: 170
614: 171
615: 181 1115 1116 
616: 185 189 1117 1118 1119 1121 1122 1123 
617: 185 197 1117 1118 1119 1124 1125 
618: 212
619: 213
620: 249
621: 256
622: 258
623: 262
624: 267 1143 1144 1145 
625: 279 1154 1155 1156 1157 1158 
626: 282
627: 290
628: 291
629: 297
630: 305
631: 320
632: 338
633: 341
634: 354 1173 
635: 357 1174 
636: 359
637: 360
638: 433
639: 434 1205 
640: 81 1073 
641: 442
642: 449 959 1206 1207 1208 1209 1210 1211 1212 1213 1214 1215 1216 1217 1218 1219 
643: 457
644: 459
645: 462
646: 477 1223 1224 1225 1226 1227 
647: 353
648: 478
649: 482
650: 0 499 959 1053 1054 1055 1056 1230 1231 1232 1233 1234 1235 1236 1237 1238 1239 1240 1241 1242 1243 1244 1245 
651: 502 1246 1247 1248 
652: 515 1251 1252 1253 
653: 516
654: 527 1258 1259 1260 
655: 520 521 
656: 534
657: 536
658: 541
659: 549 1269 1270 1271 
660: 6 35 36 45 85 91 102 119 125 159 181 189 197 205 213 249 256 267 279 282 287 290 291 297 305 320 341 449 457 477 502 515 521 527 534 549 576 592 612 618 619 631 633 641 649 653 654 657 669 676 690 714 735 775 794 813 814 825 852 867 881 889 897 898 929 944 948 954 960 973 974 977 985 986 1006 1012 1020 1031 1032 1037 1042 1045 1068 1074 1075 1076 1078 1079 1080 1081 1115 1116 1121 1122 1123 1124 1125 1126 1143 1144 1145 1154 1155 1156 1157 1158 1206 1207 1208 1209 1210 1211 1212 1213 1214 1215 1216 1217 1218 1219 1223 1224 1225 1226 1227 1246 1247 1248 1251 1252 1253 1258 1259 1260 1269 1270 1271 1279 1280 1281 1285 1286 1287 1288 1295 1299 1300 1301 1302 1303 1305 1313 1314 1315 1316 1317 1318 1319 1320 1321 1322 1323 1324 1325 1326 1327 1328 1329 1332 1333 1334 1335 1336 1337 1361 1376 1377 1378 1379 1380 1381 1382 1383 1391 1396 1421 1422 1423 1424 1429 1430 1431 1432 1448 1449 1450 1451 1452 1459 1460 1461 1462 1464 1465 1466 1467 1468 1469 1470 1471 1472 
661: 0 81 185 353 550 959 973 976 1053 1054 1055 1056 1073 1117 1118 1119 1272 
662: 563
663: 564
664: 576 1279 1280 1281 
665: 592
666: 595
667: 596
668: 597
669: 598
670: 604
671: 612 1285 1286 1287 1288 
672: 615
673: 618 1295 
674: 619
675: 631
676: 287
677: 633
678: 635 1298 
679: 641 1299 1300 1301 1302 1303 
680: 649 1305 
681: 118 654 
682: 653 1313 1314 1315 
683: 657 1316 1317 1318 1319 1320 1321 1322 1323 1324 1325 1326 1327 1328 1329 
684: 669
685: 676 1332 1333 1334 1335 1336 1337 
686: 690
687: 714
688: 701
689: 711
690: 185 731 732 1117 1118 1119 1347 1348 
691: 735
692: 756
693: 757
694: 760
695: 761
696: 762
697: 775 1361 
698: 780
699: 783
700: 353
701: 794
702: 813 1376 1377 1378 1379 
703: 809
704: 81 814 973 976 1073 1380 1381 1382 1383 
705: 825
706: 852 1391 
707: 867 868 1396 
708: 881
709: 888 889 
710: 898
711: 81 897 1073 
712: 923
713: 924
714: 929 1421 1422 1423 1424 
715: 940
716: 941 1427 1428 
717: 944 945 1429 1430 1431 1432 
718: 948
719: 952
720: 954
721: 959 960 
722: 965
723: 973 976 977 1448 1449 
724: 976
725: 973
726: 985 1450 1451 1452 
727: 986
728: 974
729: 1006
730: 1012 1459 1460 1461 1462 
731: 1013
732: 1020 1464 1465 1466 1467 1468 
733: 1031
734: 1032
735: 1037
736: 1042 1469 1470 1471 1472 
737: 1043
738: 1045
739: 1050
740: 1049
741: 1052 1476 
742: 458
743: 458
744: 306 627 
745: 307 628 
746: 62 628 
747: 441 582 
748: 311 316 582 
749: 8 9 
750: 8 22 
751: 7 10 
752: 9 10 
753: 79 660 
754: 16 962 
755: 19 22 
756: 30 31 
757: 32 808 
758: 260 962 
759: 60 108 
760: 80 108 
761: 60 61 774 1071 
762: 80 774 
763: 66 627 
764: 483 484 
765: 486 487 
766: 557 658 
767: 30 260 
768: 399 402 
769: 117 484 485 790 
770: 487 488 
771: 192 445 446 461 955 957 1434 1435 1436 1440 1441 1442 
772: 436
773: 559 560 658 1273 
774: 565
775: 565 566 
776: 557 572 
777: 626
778: 626
779: 116 483 485 790 
780: 486 488 
781: 79 659 
782: 399 422 
783: 572 777 
784: 430 566 
785: 660 758 
786: 430 839 
787: 273 312 343 432 703 704 956 957 1152 1340 1437 1438 1439 1440 1441 1442 
788: 7 273 312 343 432 703 704 956 957 1152 1340 1437 1438 1439 1440 1441 1442 
789: 116 117 
790: 117 121 958 
791: 684 687 
792: 685 686 
793: 327 328 1165 1166 1167 1168 
794: 345 552 
795: 346 553 
796: 348 555 
797: 349 556 
798: 347 554 
799: 344 551 
800: 47 552 
801: 48 553 
802: 50 555 
803: 51 556 
804: 52 551 
805: 49 554 
806: 69 345 
807: 70 346 
808: 72 348 
809: 74 344 
810: 73 349 
811: 71 347 
812: 230 272 273 285 286 632 1130 1149 1150 1151 1152 1159 1160 1161 1162 1296 
813: 230 272 273 285 286 632 1130 1149 1150 1151 1152 1159 1160 1161 1162 1296 
