0: 0 1 2 3 
1: 1 4 5 3 6 7 8 
2: 9 10 11 12 13 14 5 15 16 17 3 
3: 0 1 5 12 18 19 4 3 
4: 20 21 22 23 24 25 3 
5: 26 27 28 
6: 29 30 31 32 33 34 35 36 23 3 
7: 37 38 2 23 30 31 36 3 
8: 0 39 2 3 
9: 40 41 9 14 17 39 42 3 23 5 6 
10: 43 41 4 3 
11: 9 44 13 40 23 45 46 47 48 3 5 31 
12: 49 41 46 18 23 25 45 48 47 50 3 
13: 51 1 12 52 48 9 10 13 53 3 54 6 
14: 55 15 34 31 23 56 3 57 
15: 58 59 27 60 
16: 61 58 59 
17: 58 62 59 63 64 
18: 65 58 12 
19: 65 58 59 66 5 48 3 
20: 67 5 58 
21: 68 2 4 60 27 58 69 
22: 70 66 71 72 45 43 
23: 2 62 73 74 75 25 
24: 61 76 77 6 
25: 61 76 77 78 58 79 25 80 50 81 
26: 82 83 84 
27: 58 59 27 60 48 66 23 5 6 3 
28: 85 16 86 59 58 
29: 40 17 18 48 3 5 6 
30: 87 17 88 18 25 45 89 90 
31: 40 42 60 3 
32: 40 42 66 91 47 3 31 92 40 
33: 91 42 25 10 
34: 18 5 17 93 48 6 3 
35: 40 17 58 60 4 18 5 6 
36: 10 24 31 0 58 59 39 17 23 30 66 42 13 91 3 5 
37: 41 17 93 3 
38: 94 80 95 96 72 97 98 99 9 100 5 
39: 101 102 3 103 
40: 39 35 48 86 18 103 3 
41: 104 105 86 85 29 30 35 93 106 
42: 104 16 42 107 
43: 93 17 108 109 
44: 17 93 32 30 31 110 85 111 112 3 23 25 43 40 
45: 30 17 113 58 59 31 35 3 114 
46: 115 66 53 116 117 25 14 10 118 119 120 121 3 122 
47: 97 16 123 35 
48: 124 17 109 125 97 72 16 66 40 3 
49: 93 126 
50: 127 128 103 3 
51: 129 130 131 62 
52: 93 43 16 107 66 43 
53: 39 132 93 102 86 71 
54: 42 17 58 50 80 66 133 3 
55: 134 93 108 135 
56: 136 3 
57: 136 39 137 138 47 72 91 139 3 
58: 140 141 142 143 86 93 102 35 3 103 
59: 144 87 16 102 107 
60: 145 102 146 128 100 87 144 3 
61: 66 16 132 17 93 108 52 
62: 5 48 91 3 
63: 147 4 1 3 5 6 
64: 126 5 48 6 148 
65: 65 5 3 
66: 51 5 133 149 48 19 150 
67: 66 1 42 12 151 3 6 
68: 52 1 4 5 6 
69: 132 152 133 153 0 154 3 
70: 48 91 47 3 
71: 48 91 47 155 156 28 131 157 23 158 
72: 52 48 3 91 66 25 43 40 3 
73: 52 91 10 
74: 159 48 47 2 127 102 121 3 
75: 48 160 19 
76: 132 66 42 13 
77: 52 66 
78: 52 161 48 91 66 162 163 164 50 3 5 6 
79: 48 132 91 47 66 42 13 3 
80: 48 52 91 3 66 132 42 13 165 157 166 
81: 167 168 155 72 169 47 
82: 132 168 155 170 171 152 172 173 
83: 132 171 108 102 174 69 
84: 175 16 132 86 85 66 42 121 23 3 
85: 176 177 32 2 166 3 
86: 105 178 86 66 170 179 
87: 105 3 48 6 176 86 180 1 5 
88: 16 86 178 181 182 
89: 183 184 155 65 1 72 47 107 
90: 65 133 152 167 168 170 155 172 185 66 
91: 167 184 70 186 65 133 143 86 19 187 164 47 31 5 188 
92: 152 171 48 170 
93: 189 170 172 66 71 190 89 191 
94: 192 193 194 195 
95: 196 19 197 48 176 198 127 121 23 
96: 196 199 200 48 91 66 42 133 50 3 
97: 190 199 126 19 5 6 
98: 201 5 103 
99: 202 203 156 204 205 206 
100: 207 204 208 48 162 209 164 66 
101: 210 211 155 
102: 91 52 168 212 213 192 214 215 216 217 164 66 
103: 171 42 17 108 218 219 
104: 220 221 222 108 125 3 
105: 223 93 16 66 
106: 224 223 225 
107: 105 226 86 163 73 66 48 19 47 164 85 106 223 23 
108: 163 47 102 13 3 
109: 195 3 6 
110: 227 150 104 93 17 109 228 229 223 230 231 69 232 
111: 104 233 150 101 137 136 85 43 50 234 235 223 3 236 
112: 104 150 228 237 227 238 223 239 231 232 240 
113: 241 150 228 237 50 242 235 116 234 219 91 243 244 104 223 
114: 245 150 246 247 215 231 223 
115: 219 11 13 225 109 
116: 248 133 211 235 66 170 47 5 
117: 18 27 47 5 49 
118: 27 249 25 50 5 5 47 3 
119: 60 27 93 18 5 250 48 91 191 3 
120: 251 179 62 252 253 254 27 60 255 50 133 97 
121: 211 235 80 48 
122: 211 248 256 50 79 80 179 
123: 219 211 255 50 157 5 3 
124: 257 219 
125: 258 259 
126: 260 261 262 
127: 0 222 2 263 198 18 127 17 3 
128: 264 18 27 46 133 66 5 49 6 3 
129: 265 266 18 5 48 6 3 
130: 267 88 48 5 3 6 
131: 234 268 5 48 
132: 62 58 1 59 3 
133: 62 269 13 66 16 53 71 40 23 45 16 3 
134: 193 66 13 53 62 269 270 
135: 58 40 66 62 269 118 271 3 
136: 272 1 66 13 4 107 176 86 48 3 18 5 
137: 66 13 273 274 275 3 
138: 1 62 107 4 47 114 
139: 276 277 278 
140: 106 279 157 
141: 144 280 281 282 58 283 284 285 286 62 287 107 48 176 42 
142: 288 289 290 217 291 292 214 109 58 107 293 294 
143: 291 105 295 296 
144: 297 109 298 299 200 
145: 16 289 300 277 136 35 97 109 66 3 
146: 301 291 24 45 
147: 302 91 65 16 176 17 3 
148: 100 9 14 12 44 10 66 16 132 13 17 39 16 3 
149: 24 10 32 303 11 304 97 39 102 16 305 66 3 
150: 13 31 24 9 14 12 10 3 
151: 306 307 308 
152: 309 310 311 116 117 270 
153: 306 312 9 10 14 313 314 275 
154: 44 10 100 133 12 315 71 185 66 4 316 13 48 47 3 
155: 317 318 37 38 42 16 3 88 121 47 
156: 71 266 204 205 171 42 85 226 319 179 320 3 
157: 313 318 321 173 109 17 322 185 323 324 325 
158: 326 176 42 316 316 171 144 180 205 19 3 
159: 2 49 23 45 46 18 267 47 5 6 
160: 37 2 327 121 328 329 330 
161: 37 39 86 331 3 48 180 176 2 332 
162: 333 85 86 42 107 121 31 3 
163: 160 48 3 103 6 18 
164: 105 114 48 47 
165: 52 155 102 271 334 41 19 
166: 85 86 16 
167: 11 27 25 3 5 188 
168: 335 18 27 49 14 25 47 91 95 23 5 6 3 
169: 319 109 58 
170: 2 336 337 18 27 151 136 35 
171: 136 319 17 187 335 338 97 30 339 121 31 
172: 93 340 187 18 113 327 36 
173: 341 342 109 97 58 136 125 3 343 
174: 108 11 
175: 9 319 138 72 17 304 10 43 41 91 11 48 66 102 3 
176: 72 47 138 91 1 344 
177: 138 72 47 136 176 
178: 52 345 91 5 6 3 
179: 96 95 25 346 127 
180: 47 1 91 3 
181: 65 91 47 5 4 
182: 5 47 91 3 
183: 65 5 47 91 347 27 50 80 348 
184: 349 187 210 211 350 
185: 91 155 48 11 42 125 25 40 351 3 
186: 18 352 47 5 197 3 
187: 18 47 45 353 84 
188: 18 88 60 25 47 3 5 188 
189: 354 298 17 60 25 47 2 18 
190: 260 93 18 
191: 355 58 17 235 
192: 121 356 271 47 352 23 
193: 154 263 357 
194: 5 47 12 19 3 
195: 313 18 91 47 352 3 5 6 
196: 358 84 359 18 25 47 3 121 86 106 209 307 110 313 360 239 164 361 162 
197: 362 225 357 47 25 18 30 
198: 60 58 17 93 191 91 72 225 
199: 50 80 219 25 79 363 364 58 93 108 
200: 91 60 365 290 
201: 48 91 191 3 50 157 25 362 225 250 155 199 93 366 
202: 60 27 93 18 5 367 250 
203: 144 280 281 282 58 284 285 286 62 287 107 27 48 176 42 
204: 197 12 368 1 5 65 93 108 48 66 69 
205: 225 250 369 80 93 199 50 370 
206: 369 371 48 91 191 3 372 373 374 
207: 375 376 80 377 378 
208: 379 99 327 
209: 380 381 
210: 382 350 
