0 3 8 36 69 127 
0 1 3 13 63 67 68 87 89 132 136 138 176 180 204 
0 7 8 21 23 74 85 127 159 160 161 170 189 
0 1 2 3 4 6 7 8 9 10 11 12 13 14 19 27 29 31 32 34 36 37 39 40 44 45 46 48 50 54 56 57 58 60 62 63 65 67 69 70 72 72 74 78 79 80 84 85 87 96 104 108 109 111 118 119 123 127 128 129 130 132 133 135 136 137 145 147 148 149 150 154 155 156 158 161 162 163 167 168 173 175 178 180 182 185 186 188 194 195 196 201 206 
1 3 10 21 35 63 68 136 138 154 181 
1 2 3 9 11 19 20 27 29 34 35 36 38 62 63 64 65 66 68 78 87 91 97 98 116 117 118 118 119 123 128 129 130 131 136 159 167 168 178 181 182 183 186 188 194 195 202 204 
1 9 13 24 27 29 34 35 63 64 67 68 78 87 97 109 128 129 130 159 163 168 178 195 
1 
1 
2 9 11 13 38 148 150 153 175 
2 13 33 36 46 73 148 149 150 153 154 175 
2 115 149 167 174 175 185 
2 3 13 18 67 148 150 154 194 204 
2 11 13 36 76 79 80 108 115 133 134 136 137 148 150 154 
2 9 46 148 150 153 168 
2 14 
2 28 42 47 48 52 59 61 84 88 105 133 133 145 147 148 148 149 155 166 
2 9 29 30 34 35 36 37 43 44 45 48 54 61 103 110 127 147 148 157 171 175 189 191 198 
3 12 29 30 34 35 40 117 119 127 128 129 136 159 163 168 170 172 186 187 188 189 190 195 196 197 202 
3 66 75 91 95 97 107 158 165 194 
4 
4 
4 
4 6 7 9 11 12 14 27 36 44 71 84 95 107 133 159 168 192 
4 36 146 149 150 
4 12 23 25 30 33 44 46 72 118 167 168 179 185 188 189 196 197 199 201 
5 
5 15 21 27 117 118 119 120 128 167 168 170 183 202 203 
5 71 
6 41 
6 7 36 41 44 45 171 197 
6 7 11 14 32 36 44 45 91 150 162 171 
6 44 85 149 
6 
6 14 
6 40 41 45 47 58 145 170 
6 7 172 
7 155 160 161 
7 155 
8 9 36 40 53 57 148 149 161 
9 11 29 31 32 32 35 44 48 72 133 135 185 
9 10 12 37 165 175 
9 31 32 33 36 42 54 67 76 79 80 84 96 103 141 155 156 158 162 185 203 
10 22 44 52 52 72 111 175 
11 148 154 
11 12 22 30 133 146 159 187 
11 12 128 159 
11 12 32 57 70 71 74 79 81 89 91 107 108 116 117 118 138 154 155 159 164 168 176 177 180 181 182 183 186 187 188 189 192 194 195 196 197 
11 12 13 19 27 29 34 40 62 64 66 70 71 72 74 75 78 79 80 87 92 95 96 100 107 119 121 129 130 131 136 141 154 161 163 164 175 185 201 203 204 206 
12 117 128 159 168 
12 25 54 78 96 111 113 118 120 122 123 183 199 201 205 
13 66 
13 61 68 72 73 77 78 80 102 165 178 
13 46 133 134 
13 
14 
14 
14 
15 16 17 18 19 20 21 25 27 28 35 36 45 54 132 135 141 142 169 173 191 198 199 203 
15 16 17 19 27 28 36 45 132 
15 21 27 31 35 119 120 188 189 198 200 202 
16 24 25 
17 23 51 120 132 133 134 135 138 141 203 
17 
17 
18 19 65 89 90 91 147 181 183 204 
19 22 27 32 36 46 48 52 54 61 67 72 76 77 78 79 80 84 86 90 93 96 100 102 105 107 116 128 133 134 135 136 137 145 148 149 154 175 204 
20 
21 
21 83 110 204 
22 91 
22 53 93 133 154 156 
22 38 48 57 81 89 175 176 177 198 
23 107 
23 
23 
24 25 
24 25 
25 
25 122 199 
25 38 54 121 122 183 199 205 207 
25 
26 
26 
26 187 196 
28 41 44 84 107 111 156 162 166 
28 40 41 53 58 84 86 87 88 91 107 136 161 162 166 196 
30 59 60 
30 130 155 188 
30 93 
30 
32 33 36 57 62 70 71 72 73 78 79 80 96 102 113 119 147 168 175 176 178 180 181 182 183 185 195 198 200 201 206 
32 
34 37 41 43 44 49 52 53 55 58 61 105 110 119 172 190 198 199 201 202 204 205 
38 
38 168 179 
38 179 
38 47 48 120 145 149 171 173 
38 
38 208 
38 60 148 154 
39 111 
39 53 58 59 60 74 83 108 149 165 175 
39 40 50 58 98 163 
41 42 110 111 112 113 
41 86 87 107 143 164 
41 107 140 196 
42 52 59 89 136 138 141 142 162 203 
43 55 61 83 103 104 174 199 204 
43 48 110 115 142 144 145 157 169 173 
44 196 
44 
44 
45 172 
45 138 164 
46 
46 113 152 
46 152 
46 135 
46 
46 
46 74 84 95 155 160 162 171 192 196 
46 
47 
48 
48 104 173 185 
49 64 97 
50 74 95 127 179 
50 60 
51 
51 
51 71 
53 61 69 76 79 80 82 83 84 148 
54 66 69 90 91 96 116 120 128 154 
55 
55 
56 57 111 145 170 171 173 177 
57 111 
57 175 176 177 
57 
58 
58 
58 
58 91 
59 60 141 158 203 
60 
60 
63 
64 
66 
66 110 111 112 113 114 
67 170 
69 82 90 92 
69 
69 193 
71 81 82 89 90 101 165 185 201 
71 99 
71 80 123 140 201 
71 
74 
75 163 
78 
78 100 196 
78 107 108 
78 91 100 102 107 196 
80 
80 85 
81 90 91 
81 82 90 102 
81 
82 86 90 92 93 116 
82 83 92 103 156 158 
82 90 93 
82 157 
83 
84 
85 87 95 136 141 147 158 161 177 203 
85 
86 88 
86 120 122 156 
87 158 161 
88 
88 
89 
89 91 
90 154 157 
91 
91 171 172 184 
91 167 188 
93 
93 97 
93 119 198 201 206 
94 102 
94 134 
94 
94 109 
95 96 
95 186 204 
95 127 
96 97 201 205 
96 144 
98 
99 
99 
99 100 156 
99 156 158 
99 
100 
100 
100 196 
101 184 
101 116 121 122 123 184 
102 
102 
102 142 
102 114 
102 
102 142 
103 
103 113 115 123 124 199 
104 
104 
104 127 
105 106 107 110 111 112 113 114 
106 
106 115 197 198 201 205 
107 156 
110 112 
110 112 113 
110 
110 
110 112 114 
110 112 
111 
111 113 131 
111 113 116 121 191 
111 
112 113 
112 
112 196 
112 
113 
113 
113 
113 
114 
114 
114 
116 122 
118 
119 201 202 205 
120 
120 
120 
120 
120 123 
122 
124 
125 
125 
126 190 
126 
126 
127 193 
128 
129 
129 156 
130 159 
131 
133 134 135 
134 152 
135 165 192 
136 
137 
137 
137 153 
139 
139 145 
139 
140 
141 203 
141 203 
141 203 
141 
141 203 
141 203 
141 203 
141 203 
142 
142 145 
142 200 
142 143 146 
142 
142 
142 
143 
143 
144 
144 189 
144 
145 
146 
147 
149 
149 175 
149 
151 153 
151 196 
151 
152 
152 
152 
153 
153 157 195 196 
153 
154 
154 158 158 
155 
155 157 
156 169 171 175 
156 
157 
157 
157 
157 
157 
158 
160 172 208 
160 
160 
160 
161 
161 
162 
165 
168 171 
170 
170 
171 
171 
172 
173 
173 
173 
176 
178 
179 
183 
183 
184 
184 210 
185 
186 192 195 
187 
189 
191 
192 
193 197 
196 
196 
196 
196 
197 201 
199 
199 
200 
201 
202 
204 
205 206 
205 
206 
206 
206 
206 
207 
207 
207 
207 
208 
209 
209 
210 
