edge degrees:
id	degree	max	normal
3	2	7	0.57
4	2	7	0.57
7	2	9	0.44
19	2	7	0.57
22	2	9	0.44
25	2	9	0.44
96	1	3	0.67
97	1	4	0.5
111	1	4	0.5
171	0	1	0
220	0	2	0
258	2	4	1
260	2	9	0.44
261	2	4	1
264	2	9	0.44
265	2	4	1
270	2	4	1
279	1	3	0.67
282	1	2	1
333	1	2	1
372	5	12	0.83
374	5	10	1
375	5	10	1
376	5	10	1
377	5	10	1
379	5	13	0.77
391	5	10	1
392	5	10	1
393	5	10	1
394	5	10	1
396	5	13	0.77
405	5	10	1
406	5	10	1
407	5	10	1
409	5	13	0.77
411	5	10	1
412	5	10	1
414	5	13	0.77
416	5	10	1
418	5	13	0.77
421	5	13	0.77
458	0	10	0
462	1	4	0.5
464	1	5	0.4
482	1	5	0.4
595	1	2	1
598	1	10	0.2
619	1	10	0.2
703	2	5	0.8
706	2	6	0.67
710	2	4	1
714	2	6	0.67
718	2	4	1
736	2	4	1
748	2	6	0.67
749	2	10	0.4
750	2	4	1
751	2	10	0.4
752	2	4	1
753	2	4	1
879	1	3	0.67
884	1	2	1
895	1	2	1
947	1	4	0.5
948	1	3	0.67
949	1	3	0.67
954	3	6	1
955	3	6	1
957	3	6	1
958	3	6	1
962	3	6	1
964	3	6	1
965	3	6	1
970	3	6	1
971	3	6	1
977	3	6	1
989	2	7	0.57
990	2	4	1
992	2	6	0.67
996	2	4	1
998	2	6	0.67
1003	2	6	0.67
1386	0	0	1
1435	4	8	1
1438	4	10	0.8
1440	4	12	0.67
1446	4	8	1
1447	4	8	1
1450	4	10	0.8
1452	4	12	0.67
1458	4	8	1
1459	4	8	1
1476	4	12	0.67
1482	4	8	1
1483	4	8	1
1497	4	8	1
1498	4	8	1
1515	4	8	1
1584	0	0	1
1615	1	2	1
1616	1	11	0.18
1619	1	11	0.18
1666	1	8	0.25
1667	1	2	1
1668	1	2	1
1669	2	5	0.8
1671	2	4	1
1672	2	4	1
1674	2	4	1
1675	2	4	1
1678	2	4	1
1713	0	3	0
1728	7	19	0.74
1729	7	15	0.93
1730	7	14	1
1731	7	14	1
1732	7	16	0.88
1733	7	14	1
1734	7	19	0.74
1735	7	17	0.82
1761	7	15	0.93
1762	7	14	1
1763	7	14	1
1764	7	16	0.88
1765	7	14	1
1766	12	24	1
1767	7	17	0.82
1768	7	14	1
1769	7	14	1
1770	7	16	0.88
1771	7	14	1
1772	7	19	0.74
1773	7	17	0.82
1774	7	14	1
1775	7	16	0.88
1776	7	14	1
1777	7	19	0.74
1778	7	17	0.82
1779	7	16	0.88
1780	7	14	1
1781	7	19	0.74
1782	7	17	0.82
1783	7	14	1
1784	7	19	0.74
1785	7	17	0.82
1786	7	19	0.74
1787	7	17	0.82
1788	7	17	0.82
1841	2	5	0.8
1847	2	10	0.4
1848	2	9	0.44
1854	2	10	0.4
1855	2	9	0.44
1871	2	9	0.44
1872	0	7	0
1947	1	5	0.4
1948	1	2	1
1955	1	2	1
2048	0	4	0
2055	5	10	1
2057	5	17	0.59
2058	5	13	0.77
2060	5	10	1
2063	5	10	1
2065	5	17	0.59
2067	5	17	0.59
2068	5	13	0.77
2070	5	10	1
2073	5	10	1
2075	5	17	0.59
2085	5	13	0.77
2087	5	10	1
2090	5	10	1
2093	5	10	1
2096	5	10	1
2098	5	17	0.59
2106	5	10	1
2108	5	17	0.59
2114	5	17	0.59
2165	1	2	1
2166	1	2	1
2170	1	2	1
2233	0	0	1
2310	1	2	1
2311	1	2	1
2312	1	2	1
2316	0	3	0
2415	3	6	1
2418	3	11	0.55
2419	3	6	1
2421	3	6	1
2479	3	11	0.55
2480	3	6	1
2482	3	6	1
2498	3	6	1
2500	3	6	1
2504	3	6	1
2535	2	4	1
2536	2	7	0.57
2538	2	4	1
2541	2	7	0.57
2543	2	4	1
2546	2	4	1
2575	0	0	1
2608	3	10	0.6
2612	3	10	0.6
2613	3	6	1
2614	3	6	1
2625	3	10	0.6
2626	3	6	1
2627	3	6	1
2636	3	6	1
2637	3	6	1
2638	3	6	1
2658	2	9	0.44
2661	2	5	0.8
2663	2	4	1
2666	2	5	0.8
2668	2	4	1
2676	2	4	1
2685	0	1	0
2717	1	5	0.4
2718	1	3	0.67
2723	1	3	0.67
2736	1	5	0.4
2741	1	4	0.5
2746	1	4	0.5
2814	0	0	1
2821	0	7	0
2884	0	3	0
2940	2	8	0.5
2943	2	4	1
2945	2	4	1
2952	2	4	1
2953	2	4	1
2960	2	4	1
3016	3	6	1
3017	3	13	0.46
3020	3	6	1
3021	3	6	1
3022	3	13	0.46
3025	3	6	1
3026	3	6	1
3029	3	6	1
3030	3	6	1
3035	3	6	1
3053	1	4	0.5
3054	1	4	0.5
3064	1	4	0.5
3079	0	3	0
3092	0	1	0
3116	0	2	0
3200	6	12	1
3201	4	12	0.67
3203	6	16	0.75
3205	4	8	1
3209	4	8	1
3210	4	12	0.67
3212	6	16	0.75
3214	4	8	1
3218	4	8	1
3220	4	14	0.57
3221	4	8	1
3222	4	8	1
3231	4	8	1
3233	4	8	1
3239	4	8	1
3254	0	3	0
3269	0	7	0
3275	3	6	1
3276	3	6	1
3277	3	6	1
3278	3	6	1
3280	3	6	1
3282	3	6	1
3283	3	6	1
3288	3	6	1
3290	3	6	1
3294	3	6	1
3309	0	2	0
3329	0	3	0
3370	0	7	0
3486	1	4	0.5
3487	1	7	0.29
3488	1	7	0.29
3531	1	6	0.33
3533	1	4	0.5
3537	1	4	0.5
3566	3	6	1
3567	3	8	0.75
3568	3	11	0.55
3570	3	6	1
3571	3	8	0.75
3572	3	11	0.55
3574	3	6	1
3575	3	11	0.55
3577	3	6	1
3578	3	6	1
3682	2	6	0.67
3683	2	4	1
3685	2	5	0.8
3687	2	4	1
3689	2	5	0.8
3692	2	5	0.8
3716	0	7	0
3732	3	10	0.6
3737	3	7	0.86
3739	3	6	1
3742	3	7	0.86
3747	3	7	0.86
3749	3	6	1
3752	3	7	0.86
3782	3	6	1
3785	3	7	0.86
3791	3	7	0.86
3851	0	4	0
3875	3	6	1
3878	3	6	1
3881	3	6	1
3884	3	6	1
3892	3	6	1
3895	3	6	1
3911	3	6	1
3931	1	4	0.5
3933	1	2	1
3941	1	2	1
Average = 3.07
Average Normalized = 0.78
Average By Vertex = 6.72
Average Normalized By Vertex = 1.71
Average By Edge Density = 33889.73
Average Normalized By Edge Density = 8632.75