edge degrees:
id	degree	max	normal
1	10	20	1
2	5	10	1
3	164	329	1
4	2	7	0.57
5	10	175	0.11
6	5	170	0.06
7	3	24	0.25
8	14	397	0.07
9	11	394	0.06
10	34	126	0.54
11	134	737	0.36
12	4	10	0.8
13	12	25	0.96
14	97	480	0.4
15	82	685	0.24
16	4	10	0.8
17	8	21	0.76
18	86	469	0.37
19	6	12	1
20	11	24	0.92
21	332	715	0.93
22	4	17	0.47
23	6	389	0.03
24	11	394	0.06
25	74	213	0.69
26	19	38	1
27	8	16	1
28	165	330	1
29	164	767	0.43
30	9	18	1
31	119	502	0.47
32	27	55	0.98
33	19	38	1
34	8	16	1
35	74	239	0.62
36	9	18	1
37	27	55	0.98
38	8	16	1
39	19	184	0.21
40	19	622	0.06
41	8	17	0.94
42	19	402	0.09
43	19	47	0.81
44	8	173	0.09
45	8	611	0.03
46	7	16	0.88
47	8	391	0.04
48	8	36	0.44
49	164	767	0.43
50	9	18	1
51	119	502	0.47
52	27	55	0.98
53	9	18	1
54	28	56	1
55	9	392	0.05
56	9	37	0.49
57	28	56	1
58	10	178	0.11
59	12	395	0.06
60	6	17	0.71
61	130	513	0.51
62	10	21	0.95
63	9	20	0.9
64	33	201	0.33
65	6	13	0.92
66	6	13	0.92
67	33	201	0.33
68	6	13	0.92
69	6	13	0.92
70	148	316	0.94
71	7	14	1
72	6	13	0.92
73	6	13	0.92
74	5	12	0.83
75	4	11	0.73
76	5	57	0.18
77	5	27	0.37
78	5	388	0.03
79	8	30	0.53
80	46	429	0.21
81	17	400	0.08
82	12	615	0.04
83	5	170	0.06
84	2	4	1
85	163	328	0.99
86	2	4	1
87	2	4	1
88	0	0	1
89	6	20	0.6
90	7	187	0.07
91	5	31	0.32
92	13	193	0.13
93	10	36	0.56
94	25	51	0.98
95	12	26	0.92
96	143	323	0.89
97	57	175	0.65
98	11	25	0.88
99	123	250	0.98
100	12	192	0.12
101	14	132	0.21
102	9	23	0.78
103	12	139	0.17
104	45	163	0.55
105	10	24	0.83
106	115	242	0.95
107	13	27	0.96
108	43	170	0.51
109	9	136	0.13
110	4	607	0.01
111	2	4	1
112	4	11	0.73
113	2	4	1
114	7	14	1
115	2	9	0.44
116	7	145	0.1
117	5	13	0.77
118	7	610	0.02
119	7	149	0.09
120	6	14	0.86
121	135	738	0.37
122	138	280	0.99
123	7	610	0.02
124	6	148	0.08
125	139	281	0.99
126	6	12	1
127	109	277	0.79
128	10	21	0.95
129	6	174	0.07
130	6	17	0.71
131	6	171	0.07
132	10	21	0.95
133	102	267	0.76
134	10	175	0.11
135	2	605	0.01
136	2	167	0.02
137	2	18	0.22
138	14	30	0.93
139	8	24	0.67
140	1	3	0.67
141	5	388	0.03
142	2	385	0.01
143	0	14	0
144	0	0	1
145	6	12	1
146	214	817	0.52
147	5	12	0.83
148	6	609	0.02
149	3	10	0.6
150	5	170	0.06
151	7	14	1
152	152	317	0.96
153	5	170	0.06
154	3	606	0.01
155	4	169	0.05
156	2	10	0.4
157	8	16	1
158	4	12	0.67
159	2	6	0.67
160	11	394	0.06
161	3	386	0.02
162	19	184	0.21
163	20	47	0.85
164	10	137	0.15
165	19	46	0.83
166	27	154	0.35
167	11	138	0.16
168	0	2	0
169	3	6	1
170	3	6	1
171	3	606	0.01
172	3	168	0.04
173	3	6	1
174	3	6	1
175	3	6	1
176	28	57	0.98
177	5	10	1
178	9	18	1
179	4	9	0.89
180	27	410	0.13
181	6	15	0.8
182	5	388	0.03
183	4	13	0.62
184	9	18	1
185	19	46	0.83
186	19	46	0.83
187	4	8	1
188	7	17	0.82
189	4	8	1
190	4	8	1
191	6	16	0.75
192	4	8	1
193	4	14	0.57
194	4	8	1
195	4	131	0.06
196	4	8	1
197	6	133	0.09
198	4	131	0.06
199	15	50	0.6
200	7	17	0.82
201	13	181	0.14
202	6	16	0.75
203	14	132	0.21
204	14	179	0.16
205	7	17	0.82
206	25	143	0.35
207	10	128	0.16
208	7	172	0.08
209	26	191	0.27
210	2	4	1
211	6	14	0.86
212	4	10	0.8
213	2	10	0.4
214	2	8	0.5
215	5	11	0.91
216	3	22	0.27
217	6	14	0.86
218	9	20	0.9
219	6	171	0.07
220	7	610	0.02
221	5	16	0.62
222	9	20	0.9
223	10	21	0.95
224	6	14	0.86
225	9	20	0.9
226	6	148	0.08
227	9	151	0.12
228	77	195	0.79
229	9	20	0.9
230	5	11	0.91
231	9	20	0.9
232	5	11	0.91
233	5	11	0.91
234	4	142	0.06
235	3	8	0.75
236	5	608	0.02
237	4	146	0.05
238	4	9	0.89
239	4	607	0.01
240	4	146	0.05
241	15	153	0.2
242	13	65	0.4
243	17	95	0.36
244	18	621	0.06
245	15	131	0.23
246	19	402	0.09
247	18	136	0.26
248	11	28	0.79
249	15	157	0.19
250	20	72	0.56
251	42	120	0.7
252	33	149	0.44
253	94	477	0.39
254	45	163	0.55
255	12	29	0.83
256	23	101	0.46
257	43	646	0.13
258	48	164	0.59
259	24	142	0.34
260	8	25	0.64
261	20	162	0.25
262	74	677	0.22
263	27	143	0.38
264	59	442	0.27
265	12	29	0.83
266	42	184	0.46
267	102	218	0.94
268	109	227	0.96
269	17	34	1
270	100	483	0.41
271	42	160	0.52
272	12	29	0.83
273	33	175	0.38
274	86	204	0.84
275	16	33	0.97
276	97	239	0.81
277	17	34	1
278	45	187	0.48
279	12	154	0.16
280	4	54	0.15
281	2	11	0.36
282	7	16	0.88
283	29	59	0.98
284	16	33	0.97
285	41	119	0.69
286	61	179	0.68
287	30	60	1
288	14	31	0.9
289	35	113	0.62
290	56	174	0.64
291	29	59	0.98
292	16	33	0.97
293	41	119	0.69
294	61	179	0.68
295	11	28	0.79
296	19	97	0.39
297	30	633	0.09
298	30	413	0.15
299	29	147	0.39
300	17	95	0.36
301	17	620	0.05
302	16	399	0.08
303	17	135	0.25
304	1	5	0.4
305	4	387	0.02
306	4	387	0.02
307	9	20	0.9
308	13	34	0.76
309	9	20	0.9
310	13	34	0.76
311	6	27	0.44
312	3	7	0.86
313	3	7	0.86
314	3	7	0.86
315	3	7	0.86
316	3	145	0.04
317	3	7	0.86
318	3	7	0.86
319	19	41	0.93
320	19	38	1
321	38	76	1
322	3	6	1
323	5	24	0.42
324	9	47	0.38
325	3	6	1
326	18	56	0.64
327	3	6	1
328	3	6	1
329	9	20	0.9
330	6	14	0.86
331	10	613	0.03
332	5	13	0.77
333	9	151	0.12
334	7	15	0.93
335	6	148	0.08
336	2	605	0.01
337	2	24	0.17
338	2	167	0.02
339	9	174	0.1
340	8	176	0.09
341	8	391	0.04
342	5	21	0.48
343	10	26	0.77
344	14	30	0.93
345	3	7	0.86
346	6	33	0.36
347	3	10	0.6
348	3	30	0.2
349	3	10	0.6
350	7	16	0.88
351	6	14	0.86
352	7	172	0.08
353	6	14	0.86
354	2	385	0.01
355	1	9	0.22
356	6	14	0.86
357	10	22	0.91
358	48	186	0.52
359	8	17	0.94
360	48	190	0.51
361	10	148	0.14
362	6	15	0.8
363	10	152	0.13
364	7	16	0.88
365	7	149	0.09
366	3	606	0.01
367	3	386	0.02
368	3	14	0.43
369	3	145	0.04
370	10	21	0.95
371	8	19	0.84
372	5	147	0.07
373	2	5	0.8
374	2	80	0.05
375	2	120	0.03
376	2	80	0.05
377	2	120	0.03
378	31	91	0.68
379	7	15	0.93
380	25	85	0.59
381	5	13	0.77
382	6	14	0.86
383	25	167	0.3
384	5	147	0.07
385	6	14	0.86
386	5	10	1
387	6	14	0.86
388	5	10	1
389	8	611	0.03
390	5	10	1
391	5	10	1
392	8	176	0.09
393	10	393	0.05
394	5	17	0.59
395	8	20	0.8
396	10	22	0.91
397	16	619	0.05
398	2	4	1
399	5	170	0.06
400	2	4	1
401	2	167	0.02
402	3	19	0.32
403	6	609	0.02
404	3	25	0.24
405	6	41	0.29
406	14	617	0.05
407	10	32	0.62
408	6	41	0.29
409	34	69	0.99
410	8	43	0.37
411	14	152	0.18
412	11	63	0.35
413	14	92	0.3
414	15	618	0.05
415	12	128	0.19
416	15	398	0.08
417	15	133	0.23
418	14	156	0.18
419	7	21	0.67
420	8	391	0.04
421	6	16	0.75
422	11	394	0.06
423	4	14	0.57
424	9	19	0.95
425	2	605	0.01
426	2	167	0.02
427	2	28	0.14
428	21	47	0.89
429	9	35	0.51
430	8	16	1
431	9	18	1
432	6	14	0.86
433	7	16	0.88
434	8	391	0.04
435	7	16	0.88
436	9	18	1
437	4	8	1
438	51	136	0.75
439	4	8	1
440	4	89	0.09
441	4	184	0.04
442	4	8	1
443	4	131	0.06
444	37	217	0.34
445	4	8	1
446	32	159	0.4
447	4	8	1
448	4	131	0.06
449	8	611	0.03
450	5	170	0.06
451	2	4	1
452	2	4	1
453	2	4	1
454	35	85	0.82
455	10	24	0.83
456	49	99	0.99
457	13	27	0.96
458	10	24	0.83
459	17	52	0.65
460	6	13	0.92
461	17	52	0.65
462	6	13	0.92
463	32	67	0.96
464	7	14	1
465	24	407	0.12
466	5	12	0.83
467	7	14	1
468	9	18	1
469	85	212	0.8
470	7	390	0.04
471	6	148	0.08
472	6	133	0.09
473	69	196	0.7
474	34	161	0.42
475	8	16	1
476	7	15	0.93
477	8	16	1
478	8	16	1
479	8	16	1
480	8	16	1
481	4	12	0.67
482	8	173	0.09
483	7	172	0.08
484	7	21	0.67
485	9	612	0.03
486	8	126	0.13
487	6	23	0.52
488	14	617	0.05
489	13	131	0.2
490	7	24	0.58
491	15	32	0.94
492	16	36	0.89
493	13	30	0.87
494	13	33	0.79
495	15	32	0.94
496	16	36	0.89
497	12	29	0.83
498	12	32	0.75
499	16	33	0.97
500	17	37	0.92
501	13	33	0.79
502	16	399	0.08
503	16	134	0.24
504	17	400	0.08
505	19	137	0.28
506	1	5	0.4
507	3	7	0.86
508	4	12	0.67
509	40	205	0.39
510	2	10	0.4
511	6	14	0.86
512	4	8	1
513	11	25	0.88
514	4	8	1
515	4	18	0.44
516	4	184	0.04
517	4	8	1
518	4	131	0.06
519	9	189	0.1
520	4	8	1
521	9	136	0.13
522	4	8	1
523	4	131	0.06
524	13	28	0.93
525	11	26	0.85
526	13	193	0.13
527	9	24	0.75
528	13	140	0.19
529	10	25	0.8
530	13	28	0.93
531	9	136	0.13
532	5	14	0.71
533	2	4	1
534	7	17	0.82
535	2	4	1
536	5	15	0.67
537	2	12	0.33
538	0	9	0
539	2	4	1
540	10	613	0.03
541	5	170	0.06
542	2	605	0.01
543	2	167	0.02
544	27	77	0.7
545	14	34	0.82
546	14	28	1
547	19	39	0.97
548	14	28	1
549	23	73	0.63
550	14	34	0.82
551	14	28	1
552	15	35	0.86
553	10	24	0.83
554	24	189	0.25
555	9	23	0.78
556	14	179	0.16
557	14	179	0.16
558	8	611	0.03
559	5	170	0.06
560	2	4	1
561	2	4	1
562	2	4	1
563	8	16	1
564	9	18	1
565	8	173	0.09
566	9	18	1
567	4	10	0.8
568	9	177	0.1
569	11	394	0.06
570	5	173	0.06
571	5	388	0.03
572	5	10	1
573	6	174	0.07
574	3	10	0.6
575	6	389	0.03
576	6	13	0.92
577	5	388	0.03
578	0	10	0
579	6	13	0.92
580	9	19	0.95
581	6	13	0.92
582	9	19	0.95
583	7	14	1
584	9	19	0.95
585	7	390	0.04
586	7	125	0.11
587	6	148	0.08
588	6	16	0.75
589	10	20	1
590	10	20	1
591	9	19	0.95
592	7	14	1
593	8	16	1
594	7	172	0.08
595	7	15	0.93
596	8	16	1
597	11	26	0.85
598	5	11	0.91
599	15	618	0.05
600	3	9	0.67
601	11	61	0.36
602	6	12	1
603	5	55	0.18
604	67	183	0.73
605	8	17	0.94
606	8	17	0.94
607	67	183	0.73
608	8	17	0.94
609	8	17	0.94
610	9	18	1
611	9	18	1
612	9	18	1
613	9	18	1
614	8	391	0.04
615	7	16	0.88
616	8	17	0.94
617	0	8	0
618	2	4	1
619	6	13	0.92
620	2	385	0.01
621	2	9	0.44
622	7	14	1
623	5	13	0.77
624	7	20	0.7
625	2	15	0.27
626	9	18	1
627	6	12	1
628	9	18	1
629	6	12	1
630	9	612	0.03
631	5	11	0.91
632	6	12	1
633	26	118	0.44
634	58	441	0.26
635	2	4	1
636	2	4	1
637	2	4	1
638	2	605	0.01
639	2	167	0.02
640	2	4	1
641	2	4	1
642	2	4	1
643	16	35	0.91
644	12	27	0.89
645	15	195	0.15
646	10	25	0.8
647	14	141	0.2
648	11	26	0.85
649	13	131	0.2
650	10	137	0.15
651	64	230	0.56
652	50	192	0.52
653	73	215	0.68
654	36	201	0.36
655	32	197	0.32
656	1	384	0.01
657	1	5	0.4
658	4	8	1
659	2	26	0.15
660	8	146	0.11
661	8	611	0.03
662	5	17	0.59
663	8	150	0.11
664	8	20	0.8
665	10	22	0.91
666	8	150	0.11
667	130	733	0.35
668	16	38	0.84
669	3	8	0.75
670	3	7	0.86
671	22	44	1
672	5	10	1
673	4	8	1
674	4	9	0.89
675	3	7	0.86
676	3	7	0.86
677	12	24	1
678	12	395	0.06
679	12	130	0.18
680	6	23	0.52
681	27	63	0.86
682	146	529	0.55
683	9	20	0.9
684	75	678	0.22
685	45	213	0.42
686	33	69	0.96
687	11	25	0.88
688	9	20	0.9
689	35	200	0.35
690	34	70	0.97
691	11	22	1
692	24	60	0.8
693	11	22	1
694	29	412	0.14
695	8	22	0.73
696	8	19	0.84
697	21	186	0.23
698	14	28	1
699	10	21	0.95
700	100	265	0.75
701	7	18	0.78
702	8	173	0.09
703	10	20	1
704	2	4	1
705	8	173	0.09
706	2	4	1
707	2	4	1
708	2	170	0.02
709	2	385	0.01
710	2	4	1
711	2	4	1
712	2	4	1
713	2	4	1
714	7	15	0.93
715	2	167	0.02
716	2	10	0.4
717	6	14	0.86
718	6	174	0.07
719	3	15	0.4
720	7	390	0.04
721	3	7	0.86
722	11	23	0.96
723	4	8	1
724	10	393	0.05
725	3	7	0.86
726	4	8	1
727	2	605	0.01
728	2	7	0.57
729	2	167	0.02
730	5	10	1
731	2	167	0.02
732	4	18	0.44
733	13	181	0.14
734	4	20	0.4
735	10	178	0.11
736	8	24	0.67
737	13	29	0.9
738	5	121	0.08
739	3	8	0.75
740	5	388	0.03
741	3	8	0.75
742	4	387	0.02
743	5	608	0.02
744	4	169	0.05
745	2	7	0.57
746	3	8	0.75
747	4	9	0.89
748	7	610	0.02
749	6	171	0.07
750	2	4	1
751	2	4	1
752	2	4	1
753	6	13	0.92
754	32	75	0.85
755	5	11	0.91
756	7	610	0.02
757	6	49	0.24
758	4	10	0.8
759	41	84	0.98
760	6	12	1
761	5	11	0.91
762	24	48	1
763	23	406	0.11
764	21	186	0.23
765	6	14	0.86
766	23	406	0.11
767	21	186	0.23
768	6	14	0.86
769	8	16	1
770	2	7	0.57
771	5	24	0.42
772	2	21	0.19
773	7	22	0.64
774	4	8	1
775	4	8	1
776	7	17	0.82
777	4	8	1
778	4	8	1
779	6	16	0.75
780	4	8	1
781	4	14	0.57
782	4	131	0.06
783	4	14	0.57
784	4	131	0.06
785	6	133	0.09
786	8	20	0.8
787	8	21	0.76
788	47	107	0.88
789	3	16	0.38
790	9	69	0.26
791	4	64	0.12
792	7	16	0.88
793	9	37	0.49
794	8	126	0.13
795	18	46	0.78
796	5	11	0.91
797	7	15	0.93
798	52	655	0.16
799	4	10	0.8
800	5	13	0.77
801	6	12	1
802	8	16	1
803	4	12	0.67
804	5	13	0.77
805	5	14	0.71
806	6	389	0.03
807	6	15	0.8
808	8	17	0.94
809	7	16	0.88
810	5	13	0.77
811	5	12	0.83
812	7	14	1
813	5	12	0.83
814	12	615	0.04
815	2	4	1
816	7	172	0.08
817	2	4	1
818	2	167	0.02
819	7	23	0.61
820	5	31	0.32
821	7	134	0.1
822	11	138	0.16
823	2	605	0.01
824	2	11	0.36
825	2	167	0.02
826	5	170	0.06
827	3	16	0.38
828	4	19	0.42
829	7	22	0.64
830	12	180	0.13
831	10	178	0.11
832	4	9	0.89
833	15	93	0.32
834	38	421	0.18
835	18	136	0.26
836	4	82	0.1
837	4	607	0.01
838	4	122	0.07
839	8	17	0.94
840	4	8	1
841	9	612	0.03
842	3	7	0.86
843	7	172	0.08
844	4	8	1
845	4	169	0.05
846	26	53	0.98
847	4	20	0.4
848	31	634	0.1
849	8	30	0.53
850	5	21	0.48
851	23	626	0.07
852	4	26	0.31
853	4	184	0.04
854	3	10	0.6
855	4	14	0.57
856	5	388	0.03
857	5	12	0.83
858	10	20	1
859	94	477	0.39
860	3	13	0.46
861	7	390	0.04
862	7	390	0.04
863	7	19	0.74
864	10	22	0.91
865	4	16	0.5
866	7	19	0.74
867	12	24	1
868	12	24	1
869	5	17	0.59
870	3	8	0.75
871	2	5	0.8
872	3	8	0.75
873	2	5	0.8
874	4	9	0.89
875	2	7	0.57
876	8	22	0.73
877	8	21	0.76
878	6	19	0.63
879	12	615	0.04
880	8	173	0.09
881	12	615	0.04
882	8	173	0.09
883	11	614	0.04
884	5	170	0.06
885	2	4	1
886	2	4	1
887	2	4	1
888	6	28	0.43
889	6	609	0.02
890	5	34	0.29
891	5	388	0.03
892	19	622	0.06
893	10	39	0.51
894	2	16	0.25
895	2	605	0.01
896	2	167	0.02
897	14	617	0.05
898	9	174	0.1
899	4	11	0.73
900	1	2	1
901	1	2	1
902	5	10	1
903	8	17	0.94
904	5	170	0.06
905	5	608	0.02
906	5	14	0.71
907	5	121	0.08
908	5	388	0.03
909	8	17	0.94
910	9	18	1
911	9	125	0.14
912	9	392	0.05
913	0	17	0
914	6	13	0.92
915	11	26	0.85
916	5	20	0.5
917	6	609	0.02
918	6	171	0.07
919	15	618	0.05
920	9	174	0.1
921	14	28	1
922	73	211	0.69
923	25	77	0.65
924	12	150	0.16
925	14	179	0.16
926	10	62	0.32
927	13	91	0.29
928	14	617	0.05
929	11	127	0.17
930	14	397	0.07
931	12	154	0.16
932	73	238	0.61
933	25	77	0.65
934	73	215	0.68
935	7	34	0.41
936	5	22	0.45
937	9	26	0.69
938	7	15	0.93
939	5	13	0.77
940	1	7	0.29
941	5	388	0.03
942	5	11	0.91
943	5	170	0.06
944	5	14	0.71
945	2	605	0.01
946	2	167	0.02
947	2	9	0.44
948	7	14	1
949	4	11	0.73
950	10	21	0.95
951	9	18	1
952	10	21	0.95
953	9	18	1
954	11	614	0.04
955	9	177	0.1
956	7	16	0.88
957	9	18	1
958	9	18	1
959	5	11	0.91
960	12	34	0.71
961	5	170	0.06
962	5	608	0.02
963	12	34	0.71
964	0	6	0
965	5	608	0.02
966	2	167	0.02
967	2	4	1
968	2	4	1
969	2	4	1
970	0	15	0
971	4	56	0.14
972	5	14	0.71
973	4	120	0.07
974	7	16	0.88
975	7	123	0.11
976	5	23	0.43
977	6	21	0.57
978	4	23	0.35
979	7	22	0.64
980	8	27	0.59
981	6	25	0.48
982	12	395	0.06
983	6	16	0.75
984	11	27	0.81
985	4	14	0.57
986	0	9	0
987	12	615	0.04
988	2	4	1
989	6	171	0.07
990	2	4	1
991	2	167	0.02
992	11	22	1
993	11	22	1
994	11	22	1
995	11	22	1
996	10	21	0.95
997	10	21	0.95
998	11	22	1
999	11	22	1
1000	11	614	0.04
1001	11	394	0.06
1002	11	39	0.56
1003	8	19	0.84
1004	11	22	1
1005	11	22	1
1006	11	22	1
1007	2	605	0.01
1008	2	9	0.44
1009	2	167	0.02
1010	5	12	0.83
1011	5	170	0.06
1012	0	0	1
1013	5	12	0.83
1014	6	14	0.86
1015	5	13	0.77
1016	5	170	0.06
1017	6	171	0.07
1018	7	17	0.82
1019	8	21	0.76
1020	4	14	0.57
1021	7	20	0.7
1022	3	16	0.38
1023	5	11	0.91
1024	6	12	1
1025	5	11	0.91
1026	5	11	0.91
1027	0	10	0
1028	7	15	0.93
1029	9	24	0.75
1030	7	15	0.93
1031	8	126	0.13
1032	6	14	0.86
1033	9	151	0.12
1034	8	16	1
1035	7	149	0.09
1036	10	24	0.83
1037	4	8	1
1038	4	8	1
1039	9	23	0.78
1040	4	8	1
1041	4	8	1
1042	4	8	1
1043	4	8	1
1044	8	135	0.12
1045	4	8	1
1046	4	131	0.06
1047	4	131	0.06
1048	2	8	0.5
1049	5	11	0.91
1050	20	41	0.98
1051	14	28	1
1052	7	28	0.5
1053	12	26	0.92
1054	13	396	0.07
1055	6	20	0.6
1056	13	27	0.96
1057	8	22	0.73
1058	11	26	0.85
1059	3	18	0.33
1060	12	32	0.75
1061	6	14	0.86
1062	20	623	0.06
1063	4	12	0.67
1064	19	402	0.09
1065	12	154	0.16
1066	7	15	0.93
1067	8	391	0.04
1068	6	148	0.08
1069	8	17	0.94
1070	10	20	1
1071	4	9	0.89
1072	2	12	0.33
1073	4	9	0.89
1074	2	7	0.57
1075	14	28	1
1076	12	26	0.92
1077	14	28	1
1078	10	24	0.83
1079	13	27	0.96
1080	14	28	1
1081	11	25	0.88
1082	14	28	1
1083	14	28	1
1084	12	154	0.16
1085	5	25	0.4
1086	5	10	1
1087	4	24	0.33
1088	5	10	1
1089	3	8	0.75
1090	4	172	0.05
1091	1	5	0.4
1092	2	6	0.67
1093	8	17	0.94
1094	8	16	1
1095	9	612	0.03
1096	7	15	0.93
1097	7	123	0.11
1098	9	392	0.05
1099	8	150	0.11
1100	8	16	1
1101	8	124	0.13
1102	8	391	0.04
1103	8	150	0.11
1104	5	10	1
1105	5	10	1
1106	5	10	1
1107	4	9	0.89
1108	4	9	0.89
1109	15	618	0.05
1110	6	17	0.71
1111	10	393	0.05
1112	11	22	1
1113	11	394	0.06
1114	3	19	0.32
1115	1	2	1
1116	1	2	1
1117	0	0	1
1118	6	13	0.92
1119	24	54	0.89
1120	4	34	0.24
1121	6	171	0.07
1122	17	182	0.19
1123	8	100	0.16
1124	10	393	0.05
1125	9	25	0.72
1126	8	24	0.67
1127	19	622	0.06
1128	18	401	0.09
1129	19	137	0.28
1130	11	28	0.79
1131	16	33	0.97
1132	16	33	0.97
1133	15	32	0.94
1134	8	16	1
1135	8	16	1
1136	8	16	1
1137	7	15	0.93
1138	8	16	1
1139	8	16	1
1140	8	391	0.04
1141	8	36	0.44
1142	14	31	0.9
1143	10	27	0.74
1144	12	128	0.19
1145	14	156	0.18
1146	8	146	0.11
1147	9	612	0.03
1148	3	7	0.86
1149	8	150	0.11
1150	3	7	0.86
1151	3	7	0.86
1152	3	145	0.04
1153	4	8	1
1154	7	17	0.82
1155	4	8	1
1156	4	8	1
1157	6	16	0.75
1158	4	8	1
1159	4	14	0.57
1160	4	8	1
1161	4	131	0.06
1162	4	8	1
1163	6	133	0.09
1164	4	131	0.06
1165	3	21	0.29
1166	6	186	0.06
1167	7	610	0.02
1168	6	28	0.43
1169	6	20	0.6
1170	6	20	0.6
1171	14	28	1
1172	7	21	0.67
1173	2	4	1
1174	8	17	0.94
1175	2	385	0.01
1176	2	11	0.36
1177	9	18	1
1178	11	46	0.48
1179	8	25	0.64
1180	8	28	0.57
1181	9	26	0.69
1182	9	29	0.62
1183	17	37	0.92
1184	7	14	1
1185	6	16	0.75
1186	7	172	0.08
1187	7	610	0.02
1188	3	13	0.46
1189	6	16	0.75
1190	9	19	0.95
1191	32	200	0.32
1192	6	21	0.57
1193	7	15	0.93
1194	14	29	0.97
1195	8	16	1
1196	10	25	0.8
1197	6	14	0.86
1198	33	175	0.38
1199	4	12	0.67
1200	6	148	0.08
1201	7	149	0.09
1202	6	17	0.71
1203	7	16	0.88
1204	10	613	0.03
1205	11	394	0.06
1206	4	13	0.62
1207	6	148	0.08
1208	9	18	1
1209	7	16	0.88
1210	7	149	0.09
1211	4	8	1
1212	4	8	1
1213	0	0	1
1214	5	173	0.06
1215	5	388	0.03
1216	9	177	0.1
1217	13	396	0.07
1218	6	24	0.5
1219	3	8	0.75
1220	16	399	0.08
1221	4	9	0.89
1222	4	9	0.89
1223	6	13	0.92
1224	8	17	0.94
1225	6	144	0.08
1226	6	15	0.8
1227	6	148	0.08
1228	8	17	0.94
1229	9	18	1
1230	8	150	0.11
1231	1	604	0
1232	1	9	0.22
1233	14	34	0.82
1234	13	30	0.87
1235	13	33	0.79
1236	12	29	0.83
1237	11	28	0.79
1238	12	139	0.17
1239	15	32	0.94
1240	11	138	0.16
1241	8	18	0.89
1242	5	11	0.91
1243	9	19	0.95
1244	5	11	0.91
1245	8	391	0.04
1246	4	10	0.8
1247	8	150	0.11
1248	6	12	1
1249	5	147	0.07
1250	8	16	1
1251	2	4	1
1252	4	12	0.67
1253	2	4	1
1254	2	4	1
1255	18	54	0.67
1256	4	387	0.02
1257	2	15	0.27
1258	11	24	0.92
1259	2	20	0.2
1260	2	605	0.01
1261	2	167	0.02
1262	13	616	0.04
1263	10	175	0.11
1264	2	4	1
1265	2	167	0.02
1266	2	40	0.1
1267	9	47	0.38
1268	7	16	0.88
1269	14	132	0.21
1270	6	18	0.67
1271	11	23	0.96
1272	8	126	0.13
1273	5	17	0.59
1274	11	23	0.96
1275	30	62	0.97
1276	2	4	1
1277	2	4	1
1278	12	177	0.14
1279	2	167	0.02
1280	5	22	0.45
1281	9	21	0.86
1282	5	25	0.4
1283	5	17	0.59
1284	5	25	0.4
1285	6	13	0.92
1286	5	11	0.91
1287	7	14	1
1288	6	148	0.08
1289	4	10	0.8
1290	5	11	0.91
1291	9	45	0.4
1292	12	34	0.71
1293	7	187	0.07
1294	9	177	0.1
1295	18	401	0.09
1296	47	215	0.44
1297	10	32	0.62
1298	10	32	0.62
1299	15	398	0.08
1300	5	15	0.67
1301	3	7	0.86
1302	8	18	0.89
1303	4	8	1
1304	5	123	0.08
1305	3	7	0.86
1306	3	7	0.86
1307	4	8	1
1308	4	8	1
1309	30	73	0.82
1310	4	184	0.04
1311	4	8	1
1312	4	47	0.17
1313	4	131	0.06
1314	4	8	1
1315	20	63	0.63
1316	4	47	0.17
1317	4	131	0.06
1318	19	146	0.26
1319	26	629	0.08
1320	2	4	1
1321	8	173	0.09
1322	2	4	1
1323	2	167	0.02
1324	3	6	1
1325	9	174	0.1
1326	3	168	0.04
1327	3	11	0.55
1328	3	9	0.67
1329	5	11	0.91
1330	2	17	0.24
1331	2	605	0.01
1332	2	167	0.02
1333	14	617	0.05
1334	9	174	0.1
1335	12	26	0.92
1336	15	32	0.94
1337	11	25	0.88
1338	10	27	0.74
1339	14	617	0.05
1340	9	26	0.69
1341	11	47	0.47
1342	14	397	0.07
1343	12	139	0.17
1344	11	28	0.79
1345	20	56	0.71
1346	15	32	0.94
1347	10	46	0.43
1348	17	400	0.08
1349	12	139	0.17
1350	17	144	0.24
1351	22	187	0.24
1352	2	4	1
1353	2	4	1
1354	2	4	1
1355	1	3	0.67
1356	4	387	0.02
1357	3	55	0.11
1358	3	20	0.3
1359	3	119	0.05
1360	10	27	0.74
1361	13	129	0.2
1362	2	4	1
1363	10	175	0.11
1364	2	4	1
1365	2	4	1
1366	0	20	0
1367	8	32	0.5
1368	8	32	0.5
1369	8	173	0.09
1370	20	623	0.06
1371	8	32	0.5
1372	20	44	0.91
1373	0	3	0
1374	5	11	0.91
1375	5	173	0.06
1376	5	608	0.02
1377	5	173	0.06
1378	4	169	0.05
1379	2	605	0.01
1380	2	12	0.33
1381	2	167	0.02
1382	8	18	0.89
1383	5	170	0.06
1384	10	20	1
1385	3	9	0.67
1386	5	15	0.67
1387	2	8	0.5
1388	1	13	0.15
1389	1	384	0.01
1390	7	16	0.88
1391	11	25	0.88
1392	8	611	0.03
1393	5	19	0.53
1394	7	149	0.09
1395	11	153	0.14
1396	5	10	1
1397	7	390	0.04
1398	5	10	1
1399	5	388	0.03
1400	4	8	1
1401	4	9	0.89
1402	3	7	0.86
1403	3	8	0.75
1404	3	8	0.75
1405	5	22	0.45
1406	5	13	0.77
1407	5	25	0.4
1408	13	396	0.07
1409	4	8	1
1410	7	15	0.93
1411	14	397	0.07
1412	4	8	1
1413	7	27	0.52
1414	4	8	1
1415	16	399	0.08
1416	4	8	1
1417	4	8	1
1418	11	614	0.04
1419	9	41	0.44
1420	7	26	0.54
1421	7	45	0.31
1422	13	32	0.81
1423	18	56	0.64
1424	16	32	1
1425	11	27	0.81
1426	16	399	0.08
1427	15	133	0.23
1428	4	8	1
1429	14	74	0.38
1430	4	8	1
1431	4	64	0.12
1432	4	8	1
1433	4	8	1
1434	7	17	0.82
1435	7	16	0.88
1436	7	17	0.82
1437	7	16	0.88
1438	7	16	0.88
1439	5	14	0.71
1440	2	4	1
1441	10	613	0.03
1442	7	172	0.08
1443	2	605	0.01
1444	2	167	0.02
1445	18	38	0.95
1446	18	38	0.95
1447	14	130	0.22
1448	11	25	0.88
1449	16	40	0.8
1450	15	41	0.73
1451	23	626	0.07
1452	6	32	0.38
1453	9	136	0.13
1454	24	50	0.96
1455	5	26	0.38
1456	5	12	0.83
1457	3	10	0.6
1458	3	7	0.86
1459	6	12	1
1460	3	386	0.02
1461	2	8	0.5
1462	5	11	0.91
1463	21	186	0.23
1464	4	8	1
1465	4	169	0.05
1466	6	12	1
1467	3	9	0.67
1468	5	170	0.06
1469	7	85	0.16
1470	7	125	0.11
1471	2	5	0.8
1472	2	5	0.8
1473	2	5	0.8
1474	2	15	0.27
1475	15	44	0.68
1476	18	47	0.77
1477	18	160	0.22
1478	13	151	0.17
1479	10	62	0.32
1480	13	91	0.29
1481	14	617	0.05
1482	10	126	0.16
1483	14	397	0.07
1484	14	132	0.21
1485	13	155	0.17
1486	9	87	0.21
1487	5	11	0.91
1488	9	127	0.14
1489	5	11	0.91
1490	5	123	0.08
1491	2	605	0.01
1492	2	167	0.02
1493	2	45	0.09
1494	14	57	0.49
1495	31	158	0.39
1496	8	19	0.84
1497	8	30	0.53
1498	8	19	0.84
1499	8	30	0.53
1500	8	30	0.53
1501	11	394	0.06
1502	15	398	0.08
1503	7	15	0.93
1504	20	98	0.41
1505	20	138	0.29
1506	5	83	0.12
1507	7	610	0.02
1508	5	123	0.08
1509	6	12	1
1510	45	137	0.66
1511	5	97	0.1
1512	6	186	0.06
1513	6	609	0.02
1514	5	147	0.07
1515	5	132	0.08
1516	33	213	0.31
1517	31	173	0.36
1518	25	152	0.33
1519	38	180	0.42
1520	4	11	0.73
1521	15	35	0.86
1522	6	13	0.92
1523	4	24	0.33
1524	5	388	0.03
1525	4	122	0.07
1526	19	402	0.09
1527	16	134	0.24
1528	13	616	0.04
1529	7	172	0.08
1530	2	4	1
1531	2	4	1
1532	2	4	1
1533	3	10	0.6
1534	4	16	0.5
1535	5	12	0.83
1536	8	20	0.8
1537	7	19	0.74
1538	6	14	0.86
1539	5	10	1
1540	8	611	0.03
1541	7	29	0.48
1542	5	10	1
1543	5	10	1
1544	5	10	1
1545	3	606	0.01
1546	3	386	0.02
1547	3	8	0.75
1548	3	41	0.15
1549	5	10	1
1550	4	9	0.89
1551	35	73	0.96
1552	3	41	0.15
1553	2	605	0.01
1554	2	167	0.02
1555	2	4	1
1556	2	4	1
1557	2	4	1
1558	15	181	0.17
1559	15	180	0.17
1560	7	17	0.82
1561	4	9	0.89
1562	2	7	0.57
1563	5	10	1
1564	4	9	0.89
1565	4	12	0.67
1566	5	10	1
1567	6	14	0.86
1568	3	11	0.55
1569	4	146	0.05
1570	4	146	0.05
1571	5	11	0.91
1572	9	19	0.95
1573	5	11	0.91
1574	9	19	0.95
1575	5	123	0.08
1576	5	15	0.67
1577	5	132	0.08
1578	9	136	0.13
1579	16	33	0.97
1580	14	29	0.97
1581	46	162	0.57
1582	15	32	0.94
1583	12	27	0.89
1584	16	33	0.97
1585	14	29	0.97
1586	21	137	0.31
1587	13	30	0.87
1588	10	25	0.8
1589	14	29	0.97
1590	12	29	0.83
1591	11	26	0.85
1592	14	29	0.97
1593	12	27	0.89
1594	5	12	0.83
1595	5	170	0.06
1596	3	11	0.55
1597	8	21	0.76
1598	3	8	0.75
1599	8	21	0.76
1600	3	8	0.75
1601	12	615	0.04
1602	3	8	0.75
1603	5	10	1
1604	5	11	0.91
1605	4	9	0.89
1606	6	609	0.02
1607	3	8	0.75
1608	5	147	0.07
1609	4	9	0.89
1610	4	146	0.05
1611	5	11	0.91
1612	5	11	0.91
1613	5	18	0.56
1614	6	609	0.02
1615	11	22	1
1616	2	4	1
1617	8	173	0.09
1618	2	4	1
1619	2	4	1
1620	4	9	0.89
1621	5	11	0.91
1622	4	9	0.89
1623	6	12	1
1624	3	9	0.67
1625	5	388	0.03
1626	6	389	0.03
1627	8	17	0.94
1628	3	6	1
1629	2	5	0.8
1630	8	173	0.09
1631	3	168	0.04
1632	6	15	0.8
1633	10	27	0.74
1634	4	10	0.8
1635	9	612	0.03
1636	6	23	0.52
1637	5	11	0.91
1638	17	34	1
1639	6	12	1
1640	5	11	0.91
1641	4	387	0.02
1642	1	5	0.4
1643	4	8	1
1644	6	13	0.92
1645	11	25	0.88
1646	5	19	0.53
1647	6	609	0.02
1648	6	171	0.07
1649	9	174	0.1
1650	8	38	0.42
1651	9	127	0.14
1652	16	44	0.73
1653	8	611	0.03
1654	2	8	0.5
1655	5	34	0.29
1656	4	10	0.8
1657	4	33	0.24
1658	6	13	0.92
1659	6	14	0.86
1660	6	13	0.92
1661	6	14	0.86
1662	7	14	1
1663	8	16	1
1664	3	11	0.55
1665	2	605	0.01
1666	2	12	0.33
1667	2	167	0.02
1668	8	18	0.89
1669	5	170	0.06
1670	6	35	0.34
1671	7	18	0.78
1672	13	396	0.07
1673	5	16	0.62
1674	23	406	0.11
1675	11	394	0.06
1676	5	12	0.83
1677	7	14	1
1678	6	13	0.92
1679	7	14	1
1680	3	10	0.6
1681	4	30	0.27
1682	6	32	0.38
1683	25	628	0.08
1684	16	184	0.17
1685	18	401	0.09
1686	13	181	0.14
1687	2	4	1
1688	3	168	0.04
1689	2	4	1
1690	2	4	1
1691	3	6	1
1692	5	12	0.83
1693	3	6	1
1694	3	10	0.6
1695	3	606	0.01
1696	3	10	0.6
1697	7	14	1
1698	4	11	0.73
1699	5	16	0.62
1700	5	388	0.03
1701	3	14	0.43
1702	18	53	0.68
1703	13	34	0.76
1704	29	121	0.48
1705	16	51	0.63
1706	12	33	0.73
1707	21	64	0.66
1708	19	54	0.7
1709	15	36	0.83
1710	26	69	0.75
1711	18	39	0.92
1712	14	57	0.49
1713	16	158	0.2
1714	10	53	0.38
1715	12	154	0.16
1716	21	163	0.26
1717	8	20	0.8
1718	15	67	0.45
1719	6	13	0.92
1720	18	134	0.27
1721	8	60	0.27
1722	5	12	0.83
1723	7	123	0.11
1724	12	395	0.06
1725	5	12	0.83
1726	6	122	0.1
1727	6	389	0.03
1728	0	2	0
1729	5	12	0.83
1730	7	17	0.82
1731	5	12	0.83
1732	4	14	0.57
1733	3	13	0.46
1734	7	15	0.93
1735	4	8	1
1736	5	13	0.77
1737	4	8	1
1738	4	8	1
1739	6	28	0.43
1740	5	132	0.08
1741	4	26	0.31
1742	4	131	0.06
1743	9	136	0.13
1744	15	44	0.68
1745	28	78	0.72
1746	14	64	0.44
1747	8	23	0.7
1748	4	11	0.73
1749	12	395	0.06
1750	5	12	0.83
1751	6	13	0.92
1752	2	4	1
1753	7	14	1
1754	2	167	0.02
1755	2	9	0.44
1756	4	11	0.73
1757	3	13	0.46
1758	5	123	0.08
1759	4	10	0.8
1760	4	10	0.8
1761	5	11	0.91
1762	9	612	0.03
1763	9	392	0.05
1764	3	12	0.5
1765	9	37	0.49
1766	8	17	0.94
1767	8	17	0.94
1768	4	32	0.25
1769	2	10	0.4
1770	2	182	0.02
1771	2	6	0.67
1772	5	185	0.05
1773	2	6	0.67
1774	4	8	1
1775	8	17	0.94
1776	7	15	0.93
1777	9	18	1
1778	8	16	1
1779	5	170	0.06
1780	4	12	0.67
1781	6	14	0.86
1782	5	10	1
1783	6	14	0.86
1784	4	184	0.04
1785	5	608	0.02
1786	4	12	0.67
1787	7	15	0.93
1788	8	16	1
1789	4	13	0.62
1790	9	612	0.03
1791	9	18	1
1792	5	55	0.18
1793	9	612	0.03
1794	4	13	0.62
1795	7	57	0.25
1796	9	18	1
1797	5	55	0.18
1799	6	15	0.8
1800	4	8	1
1801	13	39	0.67
1802	4	8	1
1803	4	122	0.07
1804	5	31	0.32
1805	4	607	0.01
1806	4	122	0.07
1807	4	30	0.27
1808	13	39	0.67
1809	11	26	0.85
1810	12	26	0.92
1811	10	25	0.8
1812	12	26	0.92
1813	13	131	0.2
1814	9	23	0.78
1815	9	136	0.13
1816	12	139	0.17
1817	8	19	0.84
1818	15	34	0.88
1819	18	37	0.97
1820	7	26	0.54
1821	8	173	0.09
1822	12	177	0.14
1823	3	7	0.86
1824	3	7	0.86
1825	10	24	0.83
1826	4	8	1
1827	6	20	0.6
1828	3	17	0.35
1829	9	23	0.78
1830	17	55	0.62
1831	9	23	0.78
1832	17	55	0.62
1833	11	394	0.06
1834	10	48	0.42
1835	4	11	0.73
1836	6	14	0.86
1837	7	14	1
1838	3	11	0.55
1839	4	8	1
1840	23	55	0.84
1841	4	8	1
1842	4	184	0.04
1843	4	36	0.22
1844	4	8	1
1845	4	131	0.06
1846	17	49	0.69
1847	4	8	1
1848	4	8	1
1849	13	140	0.19
1850	4	131	0.06
1851	3	386	0.02
1852	1	6	0.33
1853	4	9	0.89
1854	11	179	0.12
1855	13	396	0.07
1856	6	14	0.86
1857	7	15	0.93
1858	7	15	0.93
1859	12	38	0.63
1860	2	4	1
1861	19	45	0.84
1862	2	4	1
1863	2	4	1
1864	5	26	0.38
1865	5	40	0.25
1866	6	18	0.67
1867	7	19	0.74
1868	6	13	0.92
1869	9	39	0.46
1870	9	28	0.64
1871	7	610	0.02
1872	6	174	0.07
1873	6	36	0.33
1874	6	25	0.48
1875	6	33	0.36
1876	28	58	0.97
1877	27	54	1
1878	22	52	0.85
1879	16	35	0.91
1880	20	47	0.85
1881	11	30	0.73
1882	10	37	0.54
1883	10	37	0.54
1884	2	605	0.01
1885	2	6	0.67
1886	2	167	0.02
1887	4	8	1
1888	3	168	0.04
1889	1	5	0.4
1890	2	4	1
1891	2	4	1
1892	6	15	0.8
1893	2	11	0.36
1894	4	18	0.44
1895	3	46	0.13
1896	9	52	0.35
1897	0	3	0
1898	0	7	0
1899	0	15	0
1900	9	612	0.03
1901	8	391	0.04
1902	3	11	0.55
1903	5	123	0.08
1904	6	14	0.86
1905	7	125	0.11
1906	13	27	0.96
1907	13	178	0.15
1908	6	389	0.03
1909	1	4	0.5
1910	3	6	1
1911	0	4	0
1912	8	16	1
1913	4	8	1
1914	3	7	0.86
1915	8	611	0.03
1916	8	173	0.09
1917	4	607	0.01
1918	4	169	0.05
1919	11	46	0.48
1920	8	29	0.55
1921	14	57	0.49
1922	22	405	0.11
1923	15	36	0.83
1924	31	74	0.84
1925	13	616	0.04
1926	8	173	0.09
1927	2	4	1
1928	2	4	1
1929	2	4	1
1930	3	8	0.75
1931	10	40	0.5
1932	4	9	0.89
1933	2	7	0.57
1934	8	18	0.89
1935	24	74	0.65
1936	6	15	0.8
1937	9	19	0.95
1938	8	17	0.94
1939	7	43	0.33
1940	6	56	0.21
1941	4	13	0.62
1942	15	65	0.46
1943	6	15	0.8
1944	8	27	0.59
1945	7	19	0.74
1946	18	37	0.97
1947	12	24	1
1948	8	150	0.11
1949	9	21	0.86
1950	7	19	0.74
1951	5	10	1
1952	6	12	1
1953	5	11	0.91
1954	5	170	0.06
1955	6	171	0.07
1956	2	4	1
1957	4	11	0.73
1958	2	4	1
1959	2	4	1
1960	6	389	0.03
1961	2	385	0.01
1962	8	16	1
1963	5	12	0.83
1964	8	16	1
1965	5	12	0.83
1966	8	16	1
1967	6	13	0.92
1968	8	16	1
1969	5	12	0.83
1970	8	391	0.04
1971	5	12	0.83
1972	5	12	0.83
1973	5	10	1
1974	4	9	0.89
1975	4	9	0.89
1976	5	608	0.02
1977	4	120	0.07
1978	5	388	0.03
1979	5	608	0.02
1980	6	13	0.92
1981	7	17	0.82
1982	7	610	0.02
1983	3	13	0.46
1984	0	5	0
1985	6	21	0.57
1986	10	24	0.83
1987	6	20	0.6
1988	5	31	0.32
1989	7	33	0.42
1990	1	384	0.01
1991	9	20	0.9
1992	9	151	0.12
1993	11	149	0.15
1994	16	619	0.05
1995	9	29	0.62
1996	11	153	0.14
1997	14	34	0.82
1998	14	156	0.18
1999	0	0	1
2000	4	8	1
2001	4	8	1
2002	4	172	0.05
2003	4	8	1
2004	4	122	0.07
2005	4	169	0.05
2006	4	8	1
2007	4	122	0.07
2008	4	169	0.05
2009	12	26	0.92
2010	6	15	0.8
2011	12	192	0.12
2012	6	15	0.8
2013	12	139	0.17
2014	6	15	0.8
2015	7	125	0.11
2016	6	133	0.09
2017	6	17	0.71
2018	8	60	0.27
2019	10	22	0.91
2020	8	124	0.13
2021	10	62	0.32
2022	6	18	0.67
2023	10	126	0.16
2024	8	20	0.8
2025	8	124	0.13
2026	9	392	0.05
2027	3	7	0.86
2028	8	124	0.13
2029	3	7	0.86
2030	4	8	1
2031	22	82	0.54
2032	6	14	0.86
2033	22	82	0.54
2034	6	14	0.86
2035	8	174	0.09
2036	8	173	0.09
2037	7	16	0.88
2038	9	125	0.14
2039	9	392	0.05
2040	2	20	0.2
2041	2	7	0.57
2042	2	385	0.01
2043	4	9	0.89
2044	4	387	0.02
2045	5	11	0.91
2046	14	33	0.85
2047	6	609	0.02
2048	3	22	0.27
2049	5	170	0.06
2050	18	37	0.97
2051	13	178	0.15
2052	11	23	0.96
2053	12	24	1
2054	12	395	0.06
2055	12	130	0.18
2056	3	81	0.07
2057	3	6	1
2058	3	121	0.05
2059	3	6	1
2060	3	6	1
2061	3	121	0.05
2062	14	29	0.97
2063	16	33	0.97
2064	12	27	0.89
2065	15	32	0.94
2066	14	29	0.97
2067	16	33	0.97
2068	10	40	0.5
2069	14	617	0.05
2070	11	127	0.17
2071	14	397	0.07
2072	12	29	0.83
2073	13	30	0.87
2074	16	33	0.97
2075	13	30	0.87
2076	16	33	0.97
2077	5	13	0.77
2078	5	10	1
2079	5	19	0.53
2080	5	10	1
2081	0	0	1
2082	20	45	0.89
2083	17	39	0.87
2084	11	36	0.61
2085	46	214	0.43
2086	10	32	0.62
2087	38	203	0.37
2088	25	628	0.08
2089	11	179	0.12
2090	13	35	0.74
2091	19	184	0.21
2092	12	34	0.71
2093	16	181	0.18
2094	27	57	0.95
2095	35	113	0.62
2096	10	178	0.11
2097	7	21	0.67
2098	10	175	0.11
2099	19	187	0.2
2100	10	24	0.83
2101	19	184	0.21
2102	3	6	1
2103	9	189	0.1
2104	3	13	0.46
2105	3	183	0.03
2106	2	12	0.33
2107	7	16	0.88
2108	6	18	0.67
2109	8	17	0.94
2110	5	17	0.59
2111	3	171	0.04
2112	2	4	1
2113	4	387	0.02
2114	2	4	1
2115	2	385	0.01
2116	4	8	1
2117	4	8	1
2118	4	8	1
2119	16	46	0.7
2120	4	8	1
2121	4	34	0.24
2122	4	8	1
2123	4	131	0.06
2124	4	8	1
2125	18	145	0.25
2126	4	131	0.06
2127	12	178	0.13
2128	12	151	0.16
2129	8	17	0.94
2130	11	30	0.73
2131	12	177	0.14
2132	12	615	0.04
2133	11	127	0.17
2134	12	395	0.06
2135	12	40	0.6
2136	8	17	0.94
2137	8	17	0.94
2138	8	27	0.59
2139	8	173	0.09
2140	8	124	0.13
2141	15	131	0.23
2142	22	50	0.88
2143	5	12	0.83
2144	8	17	0.94
2145	3	12	0.5
2146	9	20	0.9
2147	8	27	0.59
2148	9	127	0.14
2149	3	22	0.27
2150	8	27	0.59
2151	7	15	0.93
2152	30	168	0.36
2153	30	172	0.35
2154	7	390	0.04
2155	3	55	0.11
2156	3	23	0.26
2157	3	119	0.05
2158	11	31	0.71
2159	14	130	0.22
2160	4	10	0.8
2161	3	7	0.86
2162	6	12	1
2163	3	7	0.86
2164	6	12	1
2165	3	7	0.86
2166	3	7	0.86
2167	4	89	0.09
2168	4	13	0.62
2169	4	607	0.01
2170	4	10	0.8
2171	4	40	0.2
2172	5	14	0.71
2173	6	12	1
2174	8	611	0.03
2175	4	10	0.8
2176	4	40	0.2
2177	5	11	0.91
2178	5	41	0.24
2179	7	15	0.93
2180	6	13	0.92
2181	6	186	0.06
2182	8	611	0.03
2183	5	12	0.83
2184	7	37	0.38
2185	6	133	0.09
2186	6	13	0.92
2187	7	14	1
2188	5	35	0.29
2189	7	134	0.1
2190	15	35	0.86
2191	13	30	0.87
2192	14	34	0.82
2193	12	29	0.83
2194	13	140	0.19
2195	11	138	0.16
2196	7	390	0.04
2197	4	9	0.89
2198	4	30	0.27
2199	5	10	1
2200	3	29	0.21
2201	5	26	0.38
2202	3	9	0.67
2203	4	18	0.44
2204	6	12	1
2205	5	11	0.91
2206	4	18	0.44
2207	7	16	0.88
2208	7	149	0.09
2209	2	4	1
2210	2	4	1
2211	2	385	0.01
2212	2	4	1
2213	2	4	1
2214	9	21	0.86
2215	4	8	1
2216	4	8	1
2217	8	188	0.09
2218	4	8	1
2219	4	8	1
2220	8	135	0.12
2221	4	8	1
2222	4	8	1
2223	4	8	1
2224	4	131	0.06
2225	4	131	0.06
2226	3	606	0.01
2227	3	171	0.04
2228	3	168	0.04
2229	3	30	0.2
2230	2	8	0.5
2231	4	387	0.02
2232	4	387	0.02
2233	5	10	1
2234	22	57	0.77
2235	5	10	1
2236	18	53	0.68
2237	5	608	0.02
2238	5	173	0.06
2239	5	40	0.25
2240	5	170	0.06
2241	20	55	0.73
2242	18	183	0.2
2243	8	20	0.8
2244	8	16	1
2245	12	615	0.04
2246	8	176	0.09
2247	6	20	0.6
2248	7	172	0.08
2249	6	14	0.86
2250	8	16	1
2251	8	16	1
2252	7	15	0.93
2253	8	16	1
2254	8	16	1
2255	8	20	0.8
2256	8	173	0.09
2257	8	20	0.8
2258	4	89	0.09
2259	4	64	0.12
2260	3	14	0.43
2261	11	22	1
2262	7	18	0.78
2263	64	229	0.56
2264	9	20	0.9
2265	10	21	0.95
2266	45	225	0.4
2267	10	21	0.95
2268	11	22	1
2269	40	167	0.48
2270	45	210	0.43
2271	9	20	0.9
2272	10	21	0.95
2273	10	21	0.95
2274	11	22	1
2275	40	167	0.48
2276	11	22	1
2277	11	22	1
2278	9	20	0.9
2279	9	136	0.13
2280	10	137	0.15
2281	10	613	0.03
2282	7	172	0.08
2283	2	7	0.57
2284	3	8	0.75
2285	4	9	0.89
2286	6	15	0.8
2287	7	23	0.61
2288	9	612	0.03
2289	6	33	0.36
2290	16	32	1
2291	8	35	0.46
2292	8	100	0.16
2293	9	392	0.05
2294	9	39	0.46
2295	12	42	0.57
2296	19	49	0.78
2297	6	389	0.03
2298	1	6	0.33
2299	4	9	0.89
2300	7	145	0.1
2301	7	610	0.02
2302	5	10	1
2303	7	390	0.04
2304	7	149	0.09
2305	5	10	1
2306	5	147	0.07
2307	7	17	0.82
2308	7	16	0.88
2309	7	172	0.08
2310	7	390	0.04
2311	6	15	0.8
2312	7	16	0.88
2313	7	16	0.88
2314	3	10	0.6
2315	9	612	0.03
2316	7	390	0.04
2317	6	389	0.03
2318	4	11	0.73
2319	4	10	0.8
2320	6	609	0.02
2321	3	15	0.4
2322	4	10	0.8
2323	12	24	1
2324	6	12	1
2325	3	9	0.67
2326	8	16	1
2327	5	10	1
2328	8	150	0.11
2329	5	147	0.07
2330	15	33	0.91
2331	5	10	1
2332	17	35	0.97
2333	5	10	1
2334	5	10	1
2335	15	180	0.17
2336	5	170	0.06
2337	7	99	0.14
2338	7	59	0.24
2339	7	123	0.11
2340	8	391	0.04
2341	4	10	0.8
2342	4	10	0.8
2343	6	12	1
2344	6	12	1
2345	6	12	1
2346	5	13	0.77
2347	20	58	0.69
2348	20	58	0.69
2349	13	32	0.81
2350	17	36	0.94
2351	17	182	0.19
2352	15	35	0.86
2353	19	51	0.75
2354	14	31	0.9
2355	14	33	0.85
2356	13	32	0.81
2357	20	58	0.69
2358	15	35	0.86
2359	22	54	0.81
2360	14	31	0.9
2361	14	33	0.85
2362	13	32	0.81
2363	20	58	0.69
2364	13	45	0.58
2365	16	66	0.48
2366	11	28	0.79
2367	11	30	0.73
2368	11	30	0.73
2369	14	57	0.49
2370	15	53	0.57
2371	19	69	0.55
2372	14	31	0.9
2373	25	408	0.12
2374	13	32	0.81
2375	18	61	0.59
2376	13	30	0.87
2377	43	426	0.2
2378	13	32	0.81
2379	15	34	0.88
2380	23	66	0.7
2381	22	60	0.73
2382	16	399	0.08
2383	13	32	0.81
2384	11	30	0.73
2385	14	57	0.49
2386	13	51	0.51
2387	16	35	0.91
2388	17	36	0.94
2389	11	30	0.73
2390	13	56	0.46
2391	12	50	0.48
2392	13	56	0.46
2393	20	58	0.69
2394	5	57	0.18
2395	5	29	0.34
2396	0	8	0
2397	7	175	0.08
2398	3	22	0.27
2399	13	32	0.81
2400	0	4	0
2401	8	100	0.16
2402	7	59	0.24
2403	7	16	0.88
2404	7	123	0.11
2405	8	391	0.04
2406	9	18	1
2407	6	15	0.8
2408	6	122	0.1
2409	9	392	0.05
2410	5	10	1
2411	5	10	1
2412	5	10	1
2413	5	10	1
2414	5	14	0.71
2415	5	388	0.03
2416	6	609	0.02
2417	3	9	0.67
2418	3	11	0.55
2419	5	11	0.91
2420	8	16	1
2421	2	10	0.4
2422	11	22	1
2423	7	14	1
2424	10	175	0.11
2425	6	13	0.92
2426	7	14	1
2427	11	22	1
2428	7	19	0.74
2429	10	190	0.11
2430	11	129	0.17
2431	5	17	0.59
2432	9	136	0.13
2433	5	17	0.59
2434	5	132	0.08
2435	5	608	0.02
2436	5	173	0.06
2437	5	388	0.03
2438	6	12	1
2439	6	174	0.07
2440	6	389	0.03
2441	0	0	1
2442	5	14	0.71
2443	5	83	0.12
2444	5	123	0.08
2445	7	85	0.16
2446	7	125	0.11
2447	2	605	0.01
2448	2	167	0.02
2449	2	12	0.33
2450	8	18	0.89
2451	5	15	0.67
2452	5	13	0.77
2453	7	17	0.82
2454	5	13	0.77
2455	4	14	0.57
2456	3	13	0.46
2457	14	29	0.97
2458	14	397	0.07
2459	6	14	0.86
2460	9	22	0.82
2461	2	15	0.27
2462	13	26	1
2463	3	6	1
2464	3	6	1
2465	3	6	1
2466	3	30	0.2
2467	4	8	1
2468	9	25	0.72
2469	4	8	1
2470	4	184	0.04
2471	4	20	0.4
2472	4	8	1
2473	4	131	0.06
2474	8	24	0.67
2475	4	8	1
2476	4	8	1
2477	8	135	0.12
2478	4	131	0.06
2479	9	22	0.82
2480	12	26	0.92
2481	8	22	0.73
2482	9	174	0.1
2483	10	175	0.11
2484	15	32	0.94
2485	13	30	0.87
2486	15	32	0.94
2487	12	29	0.83
2488	16	33	0.97
2489	13	30	0.87
2490	16	399	0.08
2491	16	134	0.24
2492	10	35	0.57
2493	9	31	0.58
2494	9	45	0.4
2495	15	398	0.08
2496	9	45	0.4
2497	9	22	0.82
2498	9	612	0.03
2499	6	28	0.43
2500	5	26	0.38
2501	13	616	0.04
2502	6	28	0.43
2503	5	26	0.38
2504	12	33	0.73
2505	20	58	0.69
2506	28	106	0.53
2507	16	54	0.59
2508	21	59	0.71
2509	28	155	0.36
2510	21	59	0.71
2511	15	142	0.21
2512	8	611	0.03
2513	2	4	1
2514	4	169	0.05
2515	2	4	1
2516	2	167	0.02
2517	2	605	0.01
2518	2	38	0.11
2519	2	167	0.02
2520	11	176	0.12
2521	7	17	0.82
2522	4	10	0.8
2523	4	14	0.57
2524	4	10	0.8
2525	3	9	0.67
2526	3	7	0.86
2527	3	7	0.86
2528	3	168	0.04
2529	3	606	0.01
2530	3	7	0.86
2531	3	7	0.86
2532	3	7	0.86
2533	6	13	0.92
2534	4	8	1
2535	5	12	0.83
2536	3	7	0.86
2537	2	6	0.67
2538	7	16	0.88
2539	7	85	0.16
2540	7	125	0.11
2541	7	85	0.16
2542	8	611	0.03
2543	7	125	0.11
2544	3	7	0.86
2545	6	12	1
2546	3	606	0.01
2547	3	145	0.04
2548	3	9	0.67
2549	6	12	1
2550	2	4	1
2551	3	168	0.04
2552	2	4	1
2553	2	4	1
2554	6	14	0.86
2555	3	11	0.55
2556	6	171	0.07
2557	8	26	0.62
2558	5	13	0.77
2559	3	11	0.55
2560	8	173	0.09
2561	4	169	0.05
2562	6	13	0.92
2563	9	21	0.86
2564	6	13	0.92
2565	9	21	0.86
2566	7	14	1
2567	10	26	0.77
2568	21	71	0.59
2569	12	28	0.86
2570	10	175	0.11
2571	13	63	0.41
2572	21	71	0.59
2573	4	13	0.62
2574	8	27	0.59
2575	8	46	0.35
2576	9	612	0.03
2577	5	24	0.42
2578	8	46	0.35
2579	5	13	0.77
2580	8	18	0.89
2581	6	14	0.86
2582	5	15	0.67
2583	4	12	0.67
2584	5	13	0.77
2585	4	13	0.62
2586	6	24	0.5
2587	5	20	0.5
2588	3	6	1
2589	7	21	0.67
2590	3	6	1
2591	4	18	0.44
2592	3	17	0.35
2593	3	606	0.01
2594	4	12	0.67
2595	8	16	1
2596	4	12	0.67
2597	5	13	0.77
2598	4	11	0.73
2599	3	10	0.6
2600	6	609	0.02
2601	5	10	1
2602	5	388	0.03
2603	8	21	0.76
2604	7	21	0.67
2605	8	35	0.46
2606	8	35	0.46
2607	12	31	0.77
2608	18	37	0.97
2609	15	142	0.21
2610	3	7	0.86
2611	5	10	1
2612	3	7	0.86
2613	5	10	1
2614	5	10	1
2615	3	8	0.75
2616	3	9	0.67
2617	4	20	0.4
2618	5	40	0.25
2619	3	19	0.32
2620	6	609	0.02
2621	5	40	0.25
2622	14	49	0.57
2623	59	198	0.6
2624	5	16	0.62
2625	4	9	0.89
2626	5	16	0.62
2627	36	204	0.35
2628	34	199	0.34
2629	4	15	0.53
2630	4	172	0.05
2631	5	173	0.06
2632	4	169	0.05
2633	8	24	0.67
2634	4	9	0.89
2635	6	66	0.18
2636	3	8	0.75
2637	4	9	0.89
2638	7	22	0.64
2639	21	404	0.1
2640	2	4	1
2641	2	4	1
2642	2	4	1
2643	9	33	0.55
2644	9	33	0.55
2645	7	16	0.88
2646	7	16	0.88
2647	7	16	0.88
2648	7	16	0.88
2649	7	16	0.88
2650	9	612	0.03
2651	8	17	0.94
2652	7	172	0.08
2653	9	18	1
2654	7	172	0.08
2655	7	173	0.08
2656	7	172	0.08
2657	4	19	0.42
2658	7	610	0.02
2659	12	27	0.89
2660	12	27	0.89
2661	4	120	0.07
2662	9	392	0.05
2663	4	13	0.62
2664	9	392	0.05
2665	0	10	0
2666	3	6	1
2667	2	5	0.8
2668	3	6	1
2669	7	21	0.67
2670	4	8	1
2671	4	8	1
2672	14	40	0.7
2673	4	8	1
2674	4	8	1
2675	12	38	0.63
2676	4	8	1
2677	4	30	0.27
2678	4	131	0.06
2679	4	30	0.27
2680	4	131	0.06
2681	10	137	0.15
2682	15	39	0.77
2683	16	108	0.3
2684	11	31	0.71
2685	15	47	0.64
2686	13	63	0.41
2687	13	30	0.87
2688	11	30	0.73
2689	14	57	0.49
2690	13	51	0.51
2691	8	17	0.94
2692	5	14	0.71
2693	7	28	0.5
2694	6	13	0.92
2695	7	28	0.5
2696	6	13	0.92
2697	5	12	0.83
2698	7	14	1
2699	3	23	0.26
2700	5	83	0.12
2701	5	123	0.08
2702	17	95	0.36
2703	11	23	0.96
2704	4	8	1
2705	4	8	1
2706	4	8	1
2707	10	190	0.11
2708	4	8	1
2709	10	137	0.15
2710	4	184	0.04
2711	4	8	1
2712	4	131	0.06
2713	4	8	1
2714	4	131	0.06
2715	2	18	0.22
2716	2	605	0.01
2717	2	167	0.02
2718	14	617	0.05
2719	7	172	0.08
2720	6	13	0.92
2721	6	13	0.92
2722	6	41	0.29
2723	6	27	0.44
2724	5	12	0.83
2725	6	13	0.92
2726	6	13	0.92
2727	9	101	0.18
2728	6	58	0.21
2729	7	16	0.88
2730	6	122	0.1
2731	9	392	0.05
2732	8	17	0.94
2733	8	391	0.04
2734	48	186	0.52
2735	31	196	0.32
2736	36	201	0.36
2737	6	14	0.86
2738	11	179	0.12
2739	3	13	0.46
2740	7	175	0.08
2741	3	13	0.46
2742	1	2	1
2743	1	2	1
2744	1	2	1
2745	4	8	1
2746	4	8	1
2747	2	4	1
2748	2	4	1
2749	2	16	0.25
2750	0	0	1
2751	5	29	0.34
2752	7	26	0.54
2753	4	19	0.42
2754	16	35	0.91
2755	4	8	1
2756	4	8	1
2757	7	17	0.82
2758	4	8	1
2759	4	8	1
2760	6	16	0.75
2761	4	8	1
2762	4	14	0.57
2763	4	131	0.06
2764	4	14	0.57
2765	4	131	0.06
2766	6	133	0.09
2767	2	5	0.8
2768	7	17	0.82
2769	2	12	0.33
2770	2	28	0.14
2771	6	32	0.38
2772	10	24	0.83
2773	10	29	0.69
2774	9	28	0.64
2775	10	152	0.13
2776	10	152	0.13
2777	5	12	0.83
2778	8	20	0.8
2779	5	147	0.07
2780	8	150	0.11
2781	12	24	1
2782	16	32	1
2783	11	23	0.96
2784	15	31	0.97
2785	12	24	1
2786	16	32	1
2787	10	40	0.5
2788	12	615	0.04
2789	10	26	0.77
2790	12	395	0.06
2791	12	130	0.18
2792	13	29	0.9
2793	5	170	0.06
2794	2	4	1
2795	2	4	1
2796	2	4	1
2797	6	12	1
2798	5	13	0.77
2799	5	11	0.91
2800	7	15	0.93
2801	4	12	0.67
2802	6	171	0.07
2803	5	170	0.06
2804	12	25	0.96
2805	11	176	0.12
2806	4	11	0.73
2807	5	11	0.91
2808	4	184	0.04
2809	4	10	0.8
2810	2	4	1
2811	5	608	0.02
2812	5	55	0.18
2813	2	10	0.4
2814	7	15	0.93
2815	3	11	0.55
2816	8	33	0.48
2817	8	17	0.94
2818	8	32	0.5
2819	7	16	0.88
2820	8	17	0.94
2821	9	392	0.05
2822	4	8	1
2823	4	387	0.02
2824	4	131	0.06
2825	2	4	1
2826	4	9	0.89
2827	2	4	1
2828	4	9	0.89
2829	2	7	0.57
2830	9	18	1
2831	9	392	0.05
2832	9	37	0.49
2833	7	22	0.64
2834	10	25	0.8
2835	15	35	0.86
2836	12	32	0.75
2837	13	33	0.79
2838	4	8	1
2839	4	8	1
2840	4	607	0.01
2841	3	7	0.86
2842	4	169	0.05
2843	4	8	1
2844	4	169	0.05
2845	12	28	0.86
2846	14	43	0.65
2847	10	178	0.11
2848	6	35	0.34
2849	10	175	0.11
2850	18	47	0.77
2851	11	46	0.48
2852	13	178	0.15
2853	2	6	0.67
2854	2	6	0.67
2855	9	94	0.19
2856	9	45	0.4
2857	14	44	0.64
2858	13	43	0.6
2859	2	605	0.01
2860	2	167	0.02
2861	2	9	0.44
2862	6	13	0.92
2863	5	12	0.83
2864	9	20	0.9
2865	6	14	0.86
2866	9	20	0.9
2867	6	14	0.86
2868	2	4	1
2869	2	4	1
2870	6	32	0.38
2871	2	4	1
2872	2	28	0.14
2873	2	28	0.14
2874	7	18	0.78
2875	12	615	0.04
2876	10	21	0.95
2877	7	172	0.08
2878	0	0	1
2879	2	7	0.57
2880	2	7	0.57
2881	3	8	0.75
2882	3	8	0.75
2883	4	9	0.89
2884	7	187	0.07
2885	7	26	0.54
2886	5	31	0.32
2887	13	32	0.81
2888	7	33	0.42
2889	8	19	0.84
2890	7	21	0.67
2891	5	11	0.91
2892	4	10	0.8
2893	10	393	0.05
2894	7	149	0.09
2895	5	608	0.02
2896	6	389	0.03
2897	5	147	0.07
2898	7	15	0.93
2899	7	34	0.41
2900	7	15	0.93
2901	7	34	0.41
2902	7	34	0.41
2903	20	47	0.85
2904	4	21	0.38
2905	4	24	0.33
2906	15	32	0.94
2907	18	38	0.95
2908	4	13	0.62
2909	4	24	0.33
2910	6	15	0.8
2911	8	611	0.03
2912	5	14	0.71
2913	8	17	0.94
2914	6	171	0.07
2915	4	172	0.05
2916	2	7	0.57
2917	4	387	0.02
2918	4	9	0.89
2919	7	16	0.88
2920	4	10	0.8
2921	9	18	1
2922	9	125	0.14
2923	9	392	0.05
2924	4	10	0.8
2925	14	31	0.9
2926	12	24	1
2927	13	30	0.87
2928	11	23	0.96
2929	12	139	0.17
2930	10	137	0.15
2931	4	10	0.8
2932	4	169	0.05
2933	4	25	0.32
2934	21	42	1
2935	1	8	0.25
2936	6	609	0.02
2937	3	10	0.6
2938	5	388	0.03
2939	5	123	0.08
2940	6	186	0.06
2941	7	610	0.02
2942	6	35	0.34
2943	7	390	0.04
2944	4	31	0.26
2945	12	41	0.59
2946	15	42	0.71
2947	8	35	0.46
2948	12	33	0.73
2949	12	177	0.14
2950	4	11	0.73
2951	2	5	0.8
2952	2	5	0.8
2953	2	385	0.01
2954	9	18	1
2955	9	18	1
2956	8	17	0.94
2957	9	18	1
2958	8	17	0.94
2959	10	126	0.16
2960	9	612	0.03
2961	9	125	0.14
2962	9	392	0.05
2963	9	37	0.49
2964	3	6	1
2965	3	6	1
2966	3	606	0.01
2967	3	6	1
2968	3	168	0.04
2969	3	6	1
2970	3	168	0.04
2971	4	26	0.31
2972	4	607	0.01
2973	3	11	0.55
2974	4	387	0.02
2975	3	11	0.55
2976	7	390	0.04
2977	5	12	0.83
2978	4	8	1
2979	4	11	0.73
2980	4	8	1
2981	4	8	1
2982	5	147	0.07
2983	4	387	0.02
2984	4	146	0.05
2985	5	11	0.91
2986	6	14	0.86
2987	6	12	1
2988	2	10	0.4
2989	5	37	0.27
2990	3	9	0.67
2991	6	12	1
2992	3	9	0.67
2993	5	43	0.23
2994	6	98	0.12
2995	5	15	0.67
2996	6	41	0.29
2997	6	27	0.44
2998	6	16	0.75
2999	6	41	0.29
3000	6	27	0.44
3001	7	14	1
3002	5	12	0.83
3003	7	14	1
3004	7	14	1
3005	5	12	0.83
3006	5	12	0.83
3007	5	12	0.83
3008	5	12	0.83
3009	7	172	0.08
3010	5	170	0.06
3011	8	35	0.46
3012	6	144	0.08
3013	6	609	0.02
3014	3	9	0.67
3015	6	148	0.08
3016	5	11	0.91
3017	5	11	0.91
3018	5	147	0.07
3019	2	9	0.44
3020	5	132	0.08
3021	7	134	0.1
3022	7	15	0.93
3023	5	13	0.77
3024	2	80	0.05
3025	2	120	0.03
3026	2	11	0.36
3027	7	16	0.88
3028	7	16	0.88
3029	30	115	0.52
3030	11	31	0.71
3031	5	15	0.67
3032	5	18	0.56
3033	5	32	0.31
3034	5	32	0.31
3035	8	17	0.94
3036	9	18	1
3037	9	18	1
3038	8	17	0.94
3039	9	18	1
3040	9	125	0.14
3041	3	13	0.46
3042	6	15	0.8
3043	3	12	0.5
3044	5	12	0.83
3045	6	15	0.8
3046	5	12	0.83
3047	6	15	0.8
3048	7	14	1
3049	6	13	0.92
3050	7	16	0.88
3051	6	15	0.8
3052	7	134	0.1
3053	6	27	0.44
3054	7	42	0.33
3055	6	15	0.8
3056	4	13	0.62
3057	5	14	0.71
3058	0	0	1
3059	7	16	0.88
3060	10	38	0.53
3061	9	18	1
3062	9	392	0.05
3063	9	37	0.49
3064	8	26	0.62
3065	7	17	0.82
3066	8	44	0.36
3067	5	15	0.67
3068	5	15	0.67
3069	4	607	0.01
3070	4	24	0.33
3071	4	387	0.02
3072	4	122	0.07
3073	4	12	0.67
3074	8	16	1
3075	7	15	0.93
3076	8	16	1
3077	2	7	0.57
3078	5	608	0.02
3079	3	8	0.75
3080	4	607	0.01
3081	2	7	0.57
3082	5	10	1
3083	12	29	0.83
3084	3	6	1
3085	3	6	1
3086	2	12	0.33
3087	4	172	0.05
3088	4	131	0.06
3089	0	0	1
3090	3	8	0.75
3091	3	8	0.75
3092	3	145	0.04
3093	5	12	0.83
3094	3	9	0.67
3095	4	11	0.73
3096	3	9	0.67
3097	3	9	0.67
3098	6	12	1
3099	5	11	0.91
3100	7	15	0.93
3101	5	608	0.02
3102	5	13	0.77
3103	5	147	0.07
3104	7	15	0.93
3105	7	149	0.09
3106	5	10	1
3107	5	11	0.91
3108	5	10	1
3109	5	11	0.91
3110	5	11	0.91
3111	4	10	0.8
3112	0	0	1
3113	0	0	1
3114	5	10	1
3115	2	11	0.36
3116	2	11	0.36
3117	5	31	0.32
3118	2	28	0.14
3119	7	610	0.02
3120	4	169	0.05
3121	2	4	1
3122	2	4	1
3123	5	10	1
3124	5	10	1
3125	5	10	1
3126	5	121	0.08
3127	5	388	0.03
3128	5	14	0.71
3129	4	9	0.89
3130	4	9	0.89
3131	4	9	0.89
3132	0	0	1
3133	3	7	0.86
3134	7	17	0.82
3135	3	13	0.46
3136	3	606	0.01
3137	3	168	0.04
3138	8	611	0.03
3139	6	171	0.07
3140	5	14	0.71
3141	10	25	0.8
3142	5	14	0.71
3143	10	25	0.8
3144	4	19	0.42
3145	8	391	0.04
3146	14	29	0.97
3147	11	394	0.06
3148	9	612	0.03
3149	2	6	0.67
3150	8	391	0.04
3151	4	8	1
3152	4	387	0.02
3153	7	23	0.61
3154	11	39	0.56
3155	5	11	0.91
3156	4	9	0.89
3157	5	11	0.91
3158	4	9	0.89
3159	5	10	1
3160	3	8	0.75
3161	4	22	0.36
3162	6	13	0.92
3163	6	19	0.63
3164	6	13	0.92
3165	6	19	0.63
3166	4	17	0.47
3167	7	610	0.02
3168	7	125	0.11
3169	6	124	0.1
3170	11	22	1
3171	10	25	0.8
3172	8	68	0.24
3173	5	20	0.5
3174	7	22	0.64
3175	5	10	1
3176	5	10	1
3177	5	170	0.06
3178	2	4	1
3179	5	11	0.91
3180	2	385	0.01
3181	2	8	0.5
3182	6	12	1
3183	12	31	0.77
3184	3	22	0.27
3185	6	171	0.07
3186	11	176	0.12
3187	27	112	0.48
3188	24	116	0.41
3189	27	192	0.28
3190	24	189	0.25
3191	15	75	0.4
3192	0	0	1
3193	8	17	0.94
3194	9	18	1
3195	8	173	0.09
3196	2	605	0.01
3197	2	11	0.36
3198	2	167	0.02
3199	7	172	0.08
3200	2	605	0.01
3201	2	167	0.02
3202	2	10	0.4
3203	4	12	0.67
3204	3	9	0.67
3205	3	8	0.75
3206	3	9	0.67
3207	3	8	0.75
3208	5	10	1
3209	3	8	0.75
3210	0	8	0
3211	7	15	0.93
3212	6	12	1
3213	7	610	0.02
3214	4	10	0.8
3215	7	149	0.09
3216	6	12	1
3217	6	389	0.03
3218	6	148	0.08
3219	2	4	1
3220	2	385	0.01
3221	2	21	0.19
3222	3	169	0.04
3223	3	168	0.04
3224	3	10	0.6
3225	3	606	0.01
3226	5	12	0.83
3227	5	12	0.83
3228	6	609	0.02
3229	6	14	0.86
3230	6	13	0.92
3231	3	10	0.6
3232	6	171	0.07
3233	6	171	0.07
3234	14	28	1
3235	12	26	0.92
3236	14	28	1
3237	10	24	0.83
3238	14	28	1
3239	12	28	0.86
3240	11	25	0.88
3241	12	26	0.92
3242	14	28	1
3243	2	22	0.18
3244	2	605	0.01
3245	2	167	0.02
3246	9	174	0.1
3247	2	4	1
3248	6	14	0.86
3249	2	385	0.01
3250	2	10	0.4
3251	6	14	0.86
3252	6	609	0.02
3253	6	389	0.03
3254	9	19	0.95
3255	10	21	0.95
3256	7	17	0.82
3257	8	19	0.84
3258	10	20	1
3259	11	22	1
3260	7	17	0.82
3261	10	21	0.95
3262	6	171	0.07
3263	5	16	0.62
3264	10	21	0.95
3265	5	123	0.08
3266	3	168	0.04
3267	0	5	0
3268	5	16	0.62
3269	10	126	0.16
3270	6	16	0.75
3271	5	16	0.62
3272	9	125	0.14
3273	6	16	0.75
3274	14	397	0.07
3275	11	614	0.04
3276	10	126	0.16
3277	7	17	0.82
3278	10	393	0.05
3279	7	17	0.82
3280	7	390	0.04
3281	3	386	0.02
3282	1	20	0.1
3283	13	49	0.53
3284	9	45	0.4
3285	13	155	0.17
3286	2	4	1
3287	2	4	1
3288	2	11	0.36
3289	6	98	0.12
3290	6	21	0.57
3291	6	609	0.02
3292	6	41	0.29
3293	6	389	0.03
3294	16	51	0.63
3295	9	44	0.41
3296	13	396	0.07
3297	9	612	0.03
3298	4	11	0.73
3299	3	33	0.18
3300	7	14	1
3301	4	11	0.73
3302	5	35	0.29
3303	5	35	0.29
3304	10	21	0.95
3305	11	23	0.96
3306	9	20	0.9
3307	10	22	0.91
3308	10	175	0.11
3309	8	38	0.42
3310	11	614	0.04
3311	10	22	0.91
3312	10	393	0.05
3313	11	23	0.96
3314	9	21	0.86
3315	9	18	1
3316	6	12	1
3317	9	18	1
3318	6	12	1
3319	6	12	1
3320	8	17	0.94
3321	5	11	0.91
3322	8	391	0.04
3323	5	11	0.91
3324	5	11	0.91
3325	4	9	0.89
3326	6	609	0.02
3327	5	388	0.03
3328	5	608	0.02
3329	4	387	0.02
3330	4	271	0.03
3331	4	184	0.04
3332	4	16	0.5
3333	4	8	1
3334	4	131	0.06
3335	10	22	0.91
3336	4	8	1
3337	9	21	0.86
3338	4	8	1
3339	4	8	1
3340	9	136	0.13
3341	4	131	0.06
3342	11	394	0.06
3343	12	177	0.14
3344	2	605	0.01
3345	2	19	0.21
3346	2	385	0.01
3347	3	15	0.4
3348	7	29	0.48
3349	4	20	0.4
3350	7	610	0.02
3351	3	6	1
3352	5	40	0.25
3353	3	6	1
3354	3	6	1
3355	3	38	0.16
3356	7	24	0.58
3357	8	28	0.57
3358	6	35	0.34
3359	6	26	0.46
3360	3	95	0.06
3361	4	387	0.02
3362	2	5	0.8
3363	2	5	0.8
3364	5	11	0.91
3365	5	12	0.83
3366	3	10	0.6
3367	5	147	0.07
3368	5	147	0.07
3369	8	20	0.8
3370	8	20	0.8
3371	7	19	0.74
3372	8	173	0.09
3373	7	16	0.88
3374	7	149	0.09
3375	10	20	1
3376	8	16	1
3377	10	20	1
3378	8	16	1
3379	9	19	0.95
3380	8	16	1
3381	23	66	0.7
3382	5	13	0.77
3383	7	50	0.28
3384	8	173	0.09
3385	6	49	0.24
3386	8	173	0.09
3387	23	188	0.24
3388	3	7	0.86
3389	6	13	0.92
3390	10	70	0.29
3391	4	11	0.73
3392	7	14	1
3393	2	4	1
3394	2	4	1
3395	2	24	0.17
3396	2	4	1
3397	2	4	1
3398	2	605	0.01
3399	2	16	0.25
3400	2	167	0.02
3401	13	27	0.96
3402	7	172	0.08
3403	5	173	0.06
3404	5	388	0.03
3405	9	177	0.1
3406	13	396	0.07
3407	5	11	0.91
3408	5	11	0.91
3409	3	9	0.67
3410	5	608	0.02
3411	5	170	0.06
3412	6	609	0.02
3413	5	170	0.06
3414	7	14	1
3415	12	34	0.71
3416	5	27	0.37
3417	7	610	0.02
3418	7	175	0.08
3419	6	49	0.24
3420	7	172	0.08
3421	12	180	0.13
3422	9	52	0.35
3423	11	176	0.12
3424	4	9	0.89
3425	8	22	0.73
3426	4	9	0.89
3427	4	18	0.44
3428	4	17	0.47
3429	4	15	0.53
3430	7	18	0.78
3431	10	21	0.95
3432	1	5	0.4
3433	12	28	0.86
3434	10	22	0.91
3435	11	176	0.12
3436	5	17	0.59
3437	10	22	0.91
3438	5	608	0.02
3439	5	388	0.03
3440	5	43	0.23
3441	8	391	0.04
3442	8	46	0.35
3443	5	608	0.02
3444	4	172	0.05
3445	4	34	0.24
3446	4	15	0.53
3447	9	20	0.9
3448	16	36	0.89
3449	7	19	0.74
3450	7	19	0.74
3451	4	82	0.1
3452	4	607	0.01
3453	4	122	0.07
3454	4	17	0.47
3455	7	20	0.7
3456	7	20	0.7
3457	4	8	1
3458	4	8	1
3459	4	184	0.04
3460	4	8	1
3461	4	40	0.2
3462	4	131	0.06
3463	4	8	1
3464	4	40	0.2
3465	4	131	0.06
3466	3	8	0.75
3467	3	9	0.67
3468	11	394	0.06
3469	3	9	0.67
3470	4	387	0.02
3471	4	9	0.89
3472	2	7	0.57
3473	7	21	0.67
3474	6	16	0.75
3475	7	172	0.08
3476	5	15	0.67
3477	6	16	0.75
3478	8	18	0.89
3479	6	14	0.86
3480	5	13	0.77
3481	2	10	0.4
3482	7	15	0.93
3483	9	18	1
3484	8	16	1
3485	9	18	1
3486	8	16	1
3487	7	15	0.93
3488	6	19	0.63
3489	5	10	1
3490	6	171	0.07
3491	3	8	0.75
3492	5	10	1
3493	4	8	1
3494	9	22	0.82
3495	4	8	1
3496	4	184	0.04
3497	4	17	0.47
3498	4	8	1
3499	4	131	0.06
3500	6	19	0.63
3501	4	8	1
3502	4	8	1
3503	6	133	0.09
3504	4	131	0.06
3505	21	45	0.93
3506	21	45	0.93
3507	6	30	0.4
3508	6	30	0.4
3509	7	390	0.04
3510	0	0	1
3511	4	607	0.01
3512	4	387	0.02
3513	4	169	0.05
3514	3	606	0.01
3515	2	118	0.03
3516	2	6	0.67
3517	4	8	1
3518	7	15	0.93
3519	8	17	0.94
3520	6	15	0.8
3521	7	15	0.93
3522	8	17	0.94
3523	5	13	0.77
3524	5	14	0.71
3525	6	133	0.09
3526	5	14	0.71
3527	7	134	0.1
3528	8	135	0.12
3529	7	16	0.88
3530	7	24	0.58
3531	8	126	0.13
3532	6	23	0.52
3533	9	392	0.05
3534	9	47	0.38
3535	5	11	0.91
3536	5	388	0.03
3537	5	43	0.23
3538	6	84	0.14
3539	6	124	0.1
3540	5	48	0.21
3541	17	60	0.57
3542	20	63	0.63
3543	14	33	0.85
3544	11	41	0.54
3545	13	33	0.79
3546	6	22	0.55
3547	2	605	0.01
3548	2	9	0.44
3549	2	9	0.44
3550	7	14	1
3551	3	10	0.6
3552	7	21	0.67
3553	10	24	0.83
3554	10	393	0.05
3555	6	13	0.92
3556	7	610	0.02
3557	6	49	0.24
3558	4	12	0.67
3559	5	13	0.77
3560	0	4	0
3561	5	13	0.77
3562	9	19	0.95
3563	4	14	0.57
3564	5	123	0.08
3565	6	49	0.24
3566	10	20	1
3567	7	50	0.28
3568	4	9	0.89
3569	6	14	0.86
3570	5	608	0.02
3571	3	11	0.55
3572	4	169	0.05
3573	6	171	0.07
3574	0	0	1
3575	4	11	0.73
3576	3	10	0.6
3577	4	10	0.8
3578	4	8	1
3579	4	172	0.05
3580	4	56	0.14
3581	4	13	0.62
3582	0	0	1
3583	3	7	0.86
3584	10	27	0.74
3585	3	119	0.05
3586	3	20	0.3
3587	12	29	0.83
3588	0	0	1
3589	0	7	0
3590	12	615	0.04
3591	3	8	0.75
3592	4	9	0.89
3593	4	9	0.89
3594	4	9	0.89
3595	2	605	0.01
3596	2	14	0.29
3597	2	167	0.02
3598	4	169	0.05
3599	6	31	0.39
3600	5	17	0.59
3601	6	19	0.63
3602	11	23	0.96
3603	5	17	0.59
3604	11	23	0.96
3605	3	171	0.04
3606	1	10	0.2
3607	5	14	0.71
3608	0	4	0
3609	3	8	0.75
3610	3	8	0.75
3611	2	7	0.57
3612	0	4	0
3613	3	6	1
3614	3	168	0.04
3615	3	130	0.05
3616	3	168	0.04
3617	3	130	0.05
3618	9	27	0.67
3619	5	15	0.67
3620	7	390	0.04
3621	4	9	0.89
3622	2	4	1
3623	3	63	0.1
3624	2	4	1
3625	2	4	1
3626	6	13	0.92
3627	4	9	0.89
3628	7	610	0.02
3629	7	390	0.04
3630	5	10	1
3631	5	10	1
3632	5	10	1
3633	2	4	1
3634	5	16	0.62
3635	2	4	1
3636	4	15	0.53
3637	2	13	0.31
3638	2	11	0.36
3639	5	388	0.03
3640	8	611	0.03
3641	8	391	0.04
3642	2	605	0.01
3643	2	23	0.17
3644	2	16	0.25
3645	2	20	0.2
3646	2	385	0.01
3647	2	12	0.33
3648	4	14	0.57
3649	8	18	0.89
3650	2	605	0.01
3651	2	167	0.02
3652	2	7	0.57
3653	5	10	1
3654	4	9	0.89
3655	5	11	0.91
3656	9	20	0.9
3657	5	11	0.91
3658	9	47	0.38
3659	5	11	0.91
3660	5	12	0.83
3661	3	10	0.6
3662	0	10	0
3663	7	15	0.93
3664	8	16	1
3665	7	15	0.93
3666	14	92	0.3
3667	3	9	0.67
3668	15	133	0.23
3669	4	10	0.8
3670	4	122	0.07
3671	2	4	1
3672	9	174	0.1
3673	2	4	1
3674	2	167	0.02
3675	8	391	0.04
3676	3	12	0.5
3677	6	32	0.38
3678	4	30	0.27
3679	9	21	0.86
3680	4	8	1
3681	4	8	1
3682	4	8	1
3683	7	187	0.07
3684	4	8	1
3685	8	135	0.12
3686	4	184	0.04
3687	4	8	1
3688	4	131	0.06
3689	4	8	1
3690	4	131	0.06
3691	6	14	0.86
3692	4	9	0.89
3693	7	610	0.02
3694	4	9	0.89
3695	6	171	0.07
3696	4	9	0.89
3697	4	169	0.05
3698	11	25	0.88
3699	6	84	0.14
3700	6	389	0.03
3701	4	8	1
3702	4	8	1
3703	4	8	1
3704	6	12	1
3705	9	20	0.9
3706	6	609	0.02
3707	3	14	0.43
3708	5	170	0.06
3709	11	22	1
3710	9	174	0.1
3711	7	175	0.08
3712	7	390	0.04
3713	6	389	0.03
3714	11	25	0.88
3715	5	12	0.83
3716	2	12	0.33
3717	2	12	0.33
3718	48	213	0.45
3719	64	447	0.29
3720	29	194	0.3
3721	3	8	0.75
3722	3	8	0.75
3723	4	9	0.89
3724	3	8	0.75
3725	0	0	1
3726	9	23	0.78
3727	8	19	0.84
3728	8	19	0.84
3729	9	392	0.05
3730	16	196	0.16
3731	11	43	0.51
3732	5	12	0.83
3733	10	26	0.77
3734	7	15	0.93
3735	7	14	1
3736	9	25	0.72
3737	7	15	0.93
3738	6	13	0.92
3739	10	26	0.77
3740	7	15	0.93
3741	5	21	0.48
3742	5	13	0.77
3743	7	15	0.93
3744	0	0	1
3745	3	28	0.21
3746	3	606	0.01
3747	3	10	0.6
3748	3	15	0.4
3749	3	10	0.6
3750	3	15	0.4
3751	12	25	0.96
3752	12	177	0.14
3753	2	605	0.01
3754	2	385	0.01
3755	2	18	0.22
3756	6	12	1
3757	9	18	1
3758	4	13	0.62
3759	5	170	0.06
3760	7	172	0.08
3761	4	9	0.89
3762	5	11	0.91
3763	3	63	0.1
3764	2	8	0.5
3765	5	11	0.91
3766	11	31	0.71
3767	6	144	0.08
3768	7	610	0.02
3769	5	16	0.62
3770	6	148	0.08
3771	9	20	0.9
3772	9	151	0.12
3773	7	173	0.08
3774	7	172	0.08
3775	9	20	0.9
3776	9	20	0.9
3777	2	4	1
3778	6	12	1
3779	2	4	1
3780	4	10	0.8
3781	2	8	0.5
3782	2	4	1
3783	4	169	0.05
3784	2	605	0.01
3785	2	167	0.02
3786	8	611	0.03
3787	3	6	1
3788	3	6	1
3789	3	6	1
3790	3	6	1
3791	3	6	1
3792	3	6	1
3793	3	6	1
3794	7	17	0.82
3795	6	14	0.86
3796	10	613	0.03
3797	7	149	0.09
3798	5	13	0.77
3799	6	14	0.86
3800	4	142	0.06
3801	4	607	0.01
3802	3	9	0.67
3803	4	146	0.05
3804	6	12	1
3805	6	12	1
3806	6	148	0.08
3807	4	11	0.73
3808	5	173	0.06
3809	5	388	0.03
3810	7	175	0.08
3811	4	607	0.01
3812	4	172	0.05
3813	4	33	0.24
3814	5	388	0.03
3815	4	11	0.73
3816	7	14	1
3817	6	13	0.92
3818	4	11	0.73
3819	7	14	1
3820	6	609	0.02
3821	7	15	0.93
3822	2	4	1
3823	7	123	0.11
3824	2	4	1
3825	2	4	1
3826	5	11	0.91
3827	4	9	0.89
3828	5	11	0.91
3829	4	9	0.89
3830	3	8	0.75
3831	4	9	0.89
3832	2	4	1
3833	2	7	0.57
3834	2	4	1
3835	2	7	0.57
3836	1	6	0.33
3837	3	386	0.02
3838	4	387	0.02
3839	6	13	0.92
3840	7	19	0.74
3841	6	13	0.92
3842	7	19	0.74
3843	7	14	1
3844	8	20	0.8
3845	5	17	0.59
3846	2	4	1
3847	2	22	0.18
3848	2	120	0.03
3849	2	22	0.18
3850	2	120	0.03
3851	13	30	0.87
3852	4	607	0.01
3853	2	7	0.57
3854	4	169	0.05
3855	3	8	0.75
3856	4	169	0.05
3857	2	605	0.01
3858	2	167	0.02
3859	7	172	0.08
3860	6	13	0.92
3861	8	17	0.94
3862	6	144	0.08
3863	7	610	0.02
3864	6	15	0.8
3865	6	148	0.08
3866	8	17	0.94
3867	9	18	1
3868	8	150	0.11
3869	4	9	0.89
3870	4	40	0.2
3871	4	13	0.62
3872	3	183	0.03
3873	3	7	0.86
3874	4	31	0.26
3875	3	7	0.86
3876	4	8	1
3877	3	30	0.2
3878	5	10	1
3879	5	10	1
3880	5	10	1
3881	5	10	1
3882	5	10	1
3883	5	388	0.03
3884	2	31	0.13
3885	3	171	0.04
3886	4	387	0.02
3887	17	185	0.18
3888	9	25	0.72
3889	11	22	1
3890	7	57	0.25
3891	10	60	0.33
3892	2	11	0.36
3893	3	19	0.32
3894	3	38	0.16
3895	3	19	0.32
3896	4	39	0.21
3897	4	387	0.02
3898	1	5	0.4
3899	4	8	1
3900	4	23	0.35
3901	3	15	0.4
3902	5	24	0.42
3903	4	16	0.5
3904	0	2	0
3905	0	0	1
3906	9	18	1
3907	9	18	1
3908	8	17	0.94
3909	9	18	1
3910	9	125	0.14
3911	8	19	0.84
3912	11	22	1
3913	14	34	0.82
3914	11	31	0.71
3915	7	37	0.38
3916	7	37	0.38
3917	6	13	0.92
3918	22	57	0.77
3919	9	24	0.75
3920	6	12	1
3921	6	66	0.18
3922	6	609	0.02
3923	6	41	0.29
3924	6	21	0.57
3925	6	122	0.1
3926	6	12	1
3927	15	50	0.6
3928	9	24	0.75
3929	16	132	0.24
3930	6	12	1
3931	6	12	1
3932	9	24	0.75
3933	13	129	0.2
3934	6	12	1
3935	9	125	0.14
3936	6	12	1
3937	6	12	1
3938	9	23	0.78
3939	9	174	0.1
3940	0	10	0
3941	6	12	1
3942	15	32	0.94
3943	6	609	0.02
3944	4	21	0.38
3945	5	170	0.06
3946	13	178	0.15
3947	7	15	0.93
3948	7	14	1
3949	7	172	0.08
3950	3	10	0.6
3951	7	14	1
3952	7	17	0.82
3953	6	13	0.92
3954	7	17	0.82
3955	5	12	0.83
3956	9	612	0.03
3957	7	175	0.08
3958	5	12	0.83
3959	6	171	0.07
3960	5	12	0.83
3961	5	170	0.06
3962	20	623	0.06
3963	6	171	0.07
3964	2	4	1
3965	2	4	1
3966	2	4	1
3967	9	20	0.9
3968	9	174	0.1
3969	7	15	0.93
3970	5	10	1
3971	4	9	0.89
3972	5	10	1
3973	5	10	1
3974	6	144	0.08
3975	4	8	1
3976	6	148	0.08
3977	13	35	0.74
3978	4	8	1
3979	4	8	1
3980	13	155	0.17
3981	4	8	1
3982	4	146	0.05
3983	2	10	0.4
3984	3	606	0.01
3985	6	389	0.03
3986	8	17	0.94
3987	8	17	0.94
3988	11	22	1
3989	8	173	0.09
3990	9	612	0.03
3991	7	18	0.78
3992	9	392	0.05
3993	10	393	0.05
3994	6	14	0.86
3995	5	11	0.91
3996	3	9	0.67
3997	8	611	0.03
3998	6	171	0.07
3999	6	609	0.02
4000	4	169	0.05
4001	0	5	0
4002	4	9	0.89
4003	5	10	1
4004	4	9	0.89
4005	5	10	1
4006	5	608	0.02
4007	3	8	0.75
4008	5	10	1
4009	0	0	1
4010	7	24	0.58
4011	12	40	0.6
4012	7	175	0.08
4013	5	13	0.77
4014	3	9	0.67
4015	4	10	0.8
4016	3	9	0.67
4017	6	174	0.07
4018	4	11	0.73
4019	4	23	0.35
4020	5	12	0.83
4021	5	388	0.03
4022	6	25	0.48
4023	13	32	0.81
4024	10	20	1
4025	8	18	0.89
4026	7	15	0.93
4027	10	613	0.03
4028	10	178	0.11
4029	7	15	0.93
4030	7	43	0.33
4031	9	392	0.05
4032	10	175	0.11
4033	7	43	0.33
4034	7	390	0.04
4035	7	24	0.58
4036	7	27	0.52
4037	7	149	0.09
4038	7	149	0.09
4039	2	10	0.4
4040	2	87	0.05
4041	2	62	0.06
4042	6	91	0.13
4043	6	66	0.18
4044	4	10	0.8
4045	5	13	0.77
4046	6	609	0.02
4047	5	13	0.77
4048	4	169	0.05
4049	5	170	0.06
4050	5	170	0.06
4051	2	4	1
4052	2	4	1
4053	2	4	1
4054	3	7	0.86
4055	3	24	0.25
4056	3	606	0.01
4057	3	386	0.02
4058	3	7	0.86
4059	3	7	0.86
4060	4	8	1
4061	3	7	0.86
4062	6	13	0.92
4063	9	21	0.86
4064	6	171	0.07
4065	4	16	0.5
4066	7	610	0.02
4067	9	21	0.86
4068	12	615	0.04
4069	36	216	0.33
4070	10	21	0.95
4071	11	22	1
4072	32	159	0.4
4073	10	152	0.13
4074	11	153	0.14
4075	3	17	0.35
4076	4	18	0.44
4077	7	172	0.08
4078	2	4	1
4079	2	4	1
4080	2	4	1
4081	5	143	0.07
4082	6	609	0.02
4083	3	8	0.75
4084	5	147	0.07
4085	4	9	0.89
4086	4	9	0.89
4087	4	146	0.05
4088	2	605	0.01
4089	2	167	0.02
4090	2	13	0.31
4091	8	19	0.84
4092	2	9	0.44
4093	2	170	0.02
4094	2	18	0.22
4095	3	171	0.04
4096	3	19	0.32
4097	18	53	0.68
4098	8	19	0.84
4099	18	53	0.68
4100	8	19	0.84
4101	8	19	0.84
4102	4	607	0.01
4103	2	5	0.8
4104	2	5	0.8
4105	2	5	0.8
4106	4	10	0.8
4107	3	7	0.86
4108	4	10	0.8
4109	3	7	0.86
4110	3	7	0.86
4111	3	7	0.86
4112	3	6	1
4113	3	6	1
4114	4	10	0.8
4115	4	10	0.8
4116	5	388	0.03
4117	3	9	0.67
4118	2	605	0.01
4119	2	11	0.36
4120	2	167	0.02
4121	4	169	0.05
4122	7	16	0.88
4123	7	16	0.88
4124	9	612	0.03
4125	7	16	0.88
4126	7	172	0.08
4127	9	18	1
4128	7	172	0.08
4129	6	12	1
4130	4	9	0.89
4131	6	609	0.02
4132	3	8	0.75
4133	6	148	0.08
4134	4	9	0.89
4135	4	146	0.05
4136	3	7	0.86
4137	4	16	0.5
4138	3	119	0.05
4139	2	14	0.29
4140	8	20	0.8
4141	2	5	0.8
4142	5	173	0.06
4143	5	17	0.59
4144	2	14	0.29
4145	10	23	0.87
4146	10	22	0.91
4147	10	175	0.11
4148	9	21	0.86
4149	8	19	0.84
4150	6	15	0.8
4151	10	21	0.95
4152	8	17	0.94
4153	7	16	0.88
4154	12	48	0.5
4155	3	9	0.67
4156	2	8	0.5
4157	4	13	0.62
4158	7	20	0.7
4159	7	20	0.7
4160	5	11	0.91
4161	5	11	0.91
4162	5	123	0.08
4163	0	29	0
4164	13	27	0.96
4165	3	10	0.6
4166	3	10	0.6
4167	3	10	0.6
4168	6	609	0.02
4169	2	170	0.02
4170	2	6	0.67
4171	3	10	0.6
4172	3	606	0.01
4173	3	24	0.25
4174	3	17	0.35
4175	3	24	0.25
4176	3	17	0.35
4177	4	14	0.57
4178	3	10	0.6
4179	8	176	0.09
4180	5	12	0.83
4181	6	13	0.92
4182	11	31	0.71
4183	3	7	0.86
4184	3	7	0.86
4185	3	7	0.86
4186	12	90	0.27
4187	6	19	0.63
4188	12	130	0.18
4189	7	20	0.7
4190	9	127	0.14
4191	5	17	0.59
4192	9	147	0.12
4193	8	68	0.24
4194	9	151	0.12
4195	8	146	0.11
4196	6	66	0.18
4197	9	392	0.05
4198	8	150	0.11
4199	6	186	0.06
4200	7	18	0.78
4201	6	17	0.71
4202	6	174	0.07
4203	6	389	0.03
4204	5	10	1
4205	5	10	1
4206	5	388	0.03
4207	6	174	0.07
4208	7	390	0.04
4209	5	15	0.67
4210	7	17	0.82
4211	8	18	0.89
4212	6	13	0.92
4213	6	19	0.63
4214	6	389	0.03
4215	6	27	0.44
4216	4	17	0.47
4217	5	18	0.56
4218	2	15	0.27
4219	1	3	0.67
4220	1	384	0.01
4221	2	7	0.57
4222	4	23	0.35
4223	4	23	0.35
4224	7	16	0.88
4225	5	26	0.38
4226	6	17	0.71
4227	4	25	0.32
4228	6	17	0.71
4229	6	17	0.71
4230	7	172	0.08
4231	4	607	0.01
4232	4	169	0.05
4233	12	38	0.63
4234	18	68	0.53
4235	8	34	0.47
4236	12	38	0.63
4237	4	9	0.89
4238	5	10	1
4239	7	15	0.93
4240	2	4	1
4241	6	19	0.63
4242	2	15	0.27
4243	2	385	0.01
4244	13	30	0.87
4245	13	29	0.9
4246	12	29	0.83
4247	12	28	0.86
4248	11	138	0.16
4249	11	138	0.16
4250	10	23	0.87
4251	8	51	0.31
4252	7	33	0.42
4253	12	38	0.63
4254	6	16	0.75
4255	8	176	0.09
4256	0	0	1
4257	17	46	0.74
4258	3	6	1
4259	17	46	0.74
4260	3	6	1
4261	3	6	1
4262	3	606	0.01
4263	4	11	0.73
4264	1	2	1
4265	1	2	1
4266	5	83	0.12
4267	3	20	0.3
4268	5	123	0.08
4269	15	32	0.94
4270	5	15	0.67
4271	7	22	0.64
4272	6	13	0.92
4273	5	29	0.34
4274	5	20	0.5
4275	4	11	0.73
4276	7	22	0.64
4277	6	13	0.92
4278	4	11	0.73
4279	5	143	0.07
4280	6	609	0.02
4281	3	8	0.75
4282	5	147	0.07
4283	4	9	0.89
4284	4	9	0.89
4285	4	146	0.05
4286	7	15	0.93
4287	6	14	0.86
4288	8	16	1
4289	5	13	0.77
4290	6	16	0.75
4291	5	147	0.07
4292	3	13	0.46
4293	6	16	0.75
4294	3	6	1
4295	3	6	1
4296	3	30	0.2
4297	3	606	0.01
4298	3	6	1
4299	3	6	1
4300	3	6	1
4301	8	611	0.03
4302	6	21	0.57
4303	8	391	0.04
4304	8	36	0.44
4305	9	37	0.49
4306	10	27	0.74
4307	2	7	0.57
4308	5	388	0.03
4309	4	387	0.02
4310	6	14	0.86
4311	8	16	1
4312	7	15	0.93
4313	8	16	1
4314	8	16	1
4315	4	8	1
4316	19	48	0.79
4317	4	8	1
4318	4	184	0.04
4319	4	33	0.24
4320	4	8	1
4321	4	131	0.06
4322	16	45	0.71
4323	4	8	1
4324	4	8	1
4325	15	142	0.21
4326	4	131	0.06
4327	5	11	0.91
4328	6	389	0.03
4329	5	15	0.67
4330	6	389	0.03
4331	4	14	0.57
4332	7	17	0.82
4333	7	172	0.08
4334	3	7	0.86
4335	3	8	0.75
4336	1	6	0.33
4337	3	27	0.22
4338	6	13	0.92
4339	5	11	0.91
4340	6	171	0.07
4341	4	10	0.8
4342	5	11	0.91
4343	2	5	0.8
4344	2	5	0.8
4345	2	167	0.02
4346	5	173	0.06
4347	2	7	0.57
4348	3	8	0.75
4349	5	10	1
4350	1	10	0.2
4351	0	3	0
4352	0	0	1
4353	6	14	0.86
4354	4	9	0.89
4355	6	171	0.07
4356	8	611	0.03
4357	4	9	0.89
4358	4	9	0.89
4359	5	10	1
4360	10	21	0.95
4361	9	18	1
4362	10	152	0.13
4363	9	151	0.12
4364	9	18	1
4365	9	174	0.1
4366	5	12	0.83
4367	9	21	0.86
4368	7	16	0.88
4369	9	174	0.1
4370	7	172	0.08
4371	24	74	0.65
4372	21	71	0.59
4373	24	142	0.34
4374	24	166	0.29
4375	2	4	1
4376	8	173	0.09
4377	2	4	1
4378	2	167	0.02
4379	2	4	1
4380	2	4	1
4381	2	4	1
4382	3	8	0.75
4383	2	10	0.4
4384	2	7	0.57
4385	4	9	0.89
4386	12	29	0.83
4387	7	18	0.78
4388	3	18	0.33
4389	2	6	0.67
4390	3	7	0.86
4391	0	3	0
4392	5	83	0.12
4393	3	20	0.3
4394	5	123	0.08
4395	15	32	0.94
4396	2	52	0.08
4397	0	0	1
4398	5	97	0.1
4399	9	612	0.03
4400	7	21	0.67
4401	8	391	0.04
4402	5	19	0.53
4403	2	605	0.01
4404	2	9	0.44
4405	2	167	0.02
4406	3	168	0.04
4407	5	13	0.77
4408	4	12	0.67
4409	4	12	0.67
4410	7	23	0.61
4411	8	43	0.37
4412	6	14	0.86
4413	6	14	0.86
4414	7	15	0.93
4415	9	147	0.12
4416	8	17	0.94
4417	9	612	0.03
4418	9	125	0.14
4419	8	37	0.43
4420	9	392	0.05
4421	9	151	0.12
4422	8	17	0.94
4423	9	125	0.14
4424	8	37	0.43
4425	9	392	0.05
4426	8	150	0.11
4427	11	40	0.55
4428	3	10	0.6
4429	6	21	0.57
4430	3	18	0.33
4431	1	8	0.25
4432	4	8	1
4433	1	5	0.4
4434	10	102	0.2
4435	6	14	0.86
4436	7	15	0.93
4437	7	610	0.02
4438	8	391	0.04
4439	2	4	1
4440	2	4	1
4441	2	29	0.14
4442	2	4	1
4443	2	4	1
4444	5	17	0.59
4445	4	19	0.42
4446	8	391	0.04
4447	5	20	0.5
4448	10	393	0.05
4449	0	0	1
4450	2	605	0.01
4451	2	167	0.02
4452	19	184	0.21
4453	3	17	0.35
4454	9	52	0.35
4455	2	23	0.17
4456	2	9	0.44
4457	2	9	0.44
4458	6	145	0.08
4459	6	26	0.46
4460	6	35	0.34
4461	7	125	0.11
4462	17	46	0.74
4463	11	40	0.55
4464	2	605	0.01
4465	2	167	0.02
4466	2	12	0.33
4467	10	20	1
4468	9	19	0.95
4469	0	0	1
4470	5	11	0.91
4471	4	9	0.89
4472	6	609	0.02
4473	3	8	0.75
4474	5	147	0.07
4475	4	9	0.89
4476	4	146	0.05
4477	7	610	0.02
4478	2	4	1
4479	5	170	0.06
4480	2	4	1
4481	2	167	0.02
4482	6	15	0.8
4483	45	225	0.4
4484	5	12	0.83
4485	10	36	0.56
4486	6	186	0.06
4487	4	11	0.73
4488	5	31	0.32
4489	0	0	1
4490	4	11	0.73
4491	7	175	0.08
4492	6	174	0.07
4493	6	389	0.03
4494	0	0	1
4495	14	29	0.97
4496	13	28	0.93
4497	14	29	0.97
4498	11	26	0.85
4499	11	28	0.79
4500	4	120	0.07
4501	3	8	0.75
4502	5	10	1
4503	1	5	0.4
4504	4	120	0.07
4505	1	117	0.02
4506	4	9	0.89
4507	4	9	0.89
4508	2	7	0.57
4509	5	608	0.02
4510	0	4	0
4511	9	19	0.95
4512	5	608	0.02
4513	4	14	0.57
4514	4	131	0.06
4515	5	132	0.08
4516	12	24	1
4517	11	23	0.96
4518	12	24	1
4519	10	22	0.91
4520	10	22	0.91
4521	1	6	0.33
4522	4	387	0.02
4523	4	387	0.02
4524	4	9	0.89
4525	4	9	0.89
4526	9	18	1
4527	9	18	1
4528	8	17	0.94
4529	6	12	1
4530	5	11	0.91
4531	8	391	0.04
4532	6	389	0.03
4533	7	18	0.78
4534	3	9	0.67
4535	14	617	0.05
4536	3	14	0.43
4537	6	609	0.02
4538	5	173	0.06
4539	3	14	0.43
4540	7	18	0.78
4541	5	11	0.91
4542	5	11	0.91
4543	4	12	0.67
4544	7	17	0.82
4545	4	12	0.67
4546	5	15	0.67
4547	12	24	1
4548	12	29	0.83
4549	11	23	0.96
4550	10	27	0.74
4551	10	137	0.15
4552	10	137	0.15
4553	5	11	0.91
4554	7	15	0.93
4555	5	11	0.91
4556	7	15	0.93
4557	4	9	0.89
4558	4	9	0.89
4559	4	31	0.26
4560	4	607	0.01
4561	3	8	0.75
4562	3	8	0.75
4563	4	9	0.89
4564	0	6	0
4565	7	18	0.78
4566	8	40	0.4
4567	4	56	0.14
4568	5	121	0.08
4569	2	11	0.36
4570	3	12	0.5
4571	5	83	0.12
4572	5	123	0.08
4573	5	22	0.45
4574	7	19	0.74
4575	7	15	0.93
4576	8	16	1
4577	7	125	0.11
4578	7	15	0.93
4579	7	15	0.93
4580	11	25	0.88
4581	11	25	0.88
4582	11	25	0.88
4583	10	126	0.16
4584	10	126	0.16
4585	7	18	0.78
4586	7	15	0.93
4587	7	149	0.09
4588	7	149	0.09
4589	2	4	1
4590	2	4	1
4591	2	167	0.02
4592	7	14	1
4593	7	172	0.08
4594	3	9	0.67
4595	4	10	0.8
4596	3	12	0.5
4597	4	169	0.05
4598	7	172	0.08
4599	0	9	0
4600	3	9	0.67
4601	5	173	0.06
4602	3	7	0.86
4603	5	388	0.03
4604	3	7	0.86
4605	3	386	0.02
4606	0	15	0
4607	5	15	0.67
4608	7	16	0.88
4609	5	15	0.67
4610	5	15	0.67
4611	6	16	0.75
4612	5	34	0.29
4613	5	32	0.31
4614	5	83	0.12
4615	3	23	0.26
4616	5	123	0.08
4617	16	36	0.89
4618	5	11	0.91
4619	5	43	0.23
4620	4	387	0.02
4621	1	6	0.33
4622	4	9	0.89
4623	5	11	0.91
4624	3	6	1
4625	4	10	0.8
4626	3	6	1
4627	3	6	1
4628	3	6	1
4629	7	15	0.93
4630	5	12	0.83
4631	2	9	0.44
4632	7	14	1
4633	12	29	0.83
4634	0	4	0
4635	4	11	0.73
4636	3	15	0.4
4637	4	169	0.05
4638	8	173	0.09
4639	3	18	0.33
4640	7	175	0.08
4641	5	16	0.62
4642	9	177	0.1
4643	5	16	0.62
4644	10	22	0.91
4645	6	23	0.52
4646	6	26	0.46
4647	4	13	0.62
4648	4	24	0.33
4649	5	12	0.83
4650	6	22	0.55
4651	3	19	0.32
4652	4	9	0.89
4653	5	608	0.02
4654	4	169	0.05
4655	4	12	0.67
4656	5	12	0.83
4657	8	19	0.84
4658	5	16	0.62
4659	5	12	0.83
4660	14	46	0.61
4661	6	38	0.32
4662	16	184	0.17
4663	19	184	0.21
4664	3	7	0.86
4665	3	7	0.86
4666	3	7	0.86
4667	3	13	0.46
4668	4	18	0.44
4669	0	17	0
4670	4	11	0.73
4671	5	143	0.07
4672	8	391	0.04
4673	5	147	0.07
4674	6	144	0.08
4675	7	390	0.04
4676	6	148	0.08
4677	5	15	0.67
4678	3	6	1
4679	4	14	0.57
4680	3	6	1
4681	3	6	1
4682	3	606	0.01
4683	6	174	0.07
4684	6	15	0.8
4685	1	5	0.4
4686	6	174	0.07
4687	4	11	0.73
4688	6	13	0.92
4689	6	13	0.92
4690	7	14	1
4691	7	14	1
4692	0	0	1
4693	0	3	0
4694	3	11	0.55
4695	3	606	0.01
4696	3	386	0.02
4697	3	15	0.4
4698	6	389	0.03
4699	5	17	0.59
4700	6	17	0.71
4701	2	12	0.33
4702	2	12	0.33
4703	10	32	0.62
4704	5	12	0.83
4705	5	27	0.37
4706	4	11	0.73
4707	5	12	0.83
4708	13	181	0.14
4709	4	11	0.73
4710	5	12	0.83
4711	8	37	0.43
4712	12	395	0.06
4713	4	10	0.8
4714	4	19	0.42
4715	5	11	0.91
4716	5	20	0.5
4717	13	28	0.93
4718	4	19	0.42
4719	7	15	0.93
4720	8	16	1
4721	8	16	1
4722	7	15	0.93
4723	8	16	1
4724	2	605	0.01
4725	2	4	1
4726	2	385	0.01
4727	2	4	1
4728	2	385	0.01
4729	11	23	0.96
4730	12	24	1
4731	13	30	0.87
4732	11	23	0.96
4733	12	29	0.83
4734	10	137	0.15
4735	11	138	0.16
4736	9	19	0.95
4737	18	47	0.77
4738	9	174	0.1
4739	18	47	0.77
4740	2	4	1
4741	2	605	0.01
4742	2	167	0.02
4743	2	605	0.01
4744	2	167	0.02
4745	7	21	0.67
4746	6	20	0.6
4747	9	35	0.51
4748	5	31	0.32
4749	0	14	0
4750	1	5	0.4
4751	1	36	0.06
4752	1	51	0.04
4753	17	67	0.51
4754	7	17	0.82
4755	14	179	0.16
4756	4	14	0.57
4757	7	17	0.82
4758	8	18	0.89
4759	11	37	0.59
4760	8	18	0.89
4761	8	18	0.89
4762	10	36	0.56
4763	9	19	0.95
4764	22	48	0.92
4765	6	32	0.38
4766	5	10	1
4767	3	119	0.05
4768	3	8	0.75
4769	4	9	0.89
4770	5	11	0.91
4771	5	13	0.77
4772	6	12	1
4773	5	13	0.77
4774	4	131	0.06
4775	4	131	0.06
4776	2	4	1
4777	4	12	0.67
4778	2	4	1
4779	4	12	0.67
4780	2	10	0.4
4781	6	17	0.71
4782	6	38	0.32
4783	7	42	0.33
4784	12	47	0.51
Average = 8.6
Average Normalized = 0.55
Average By Vertex = 50.73
Average Normalized By Vertex = 3.26
Average By Edge Density = 2825482.12
Average Normalized By Edge Density = 181552.28