114 2 436 2 452 1 453 1 454 1 480 2 693 1 694 1 1014 2 1077 2 
1 1 1057 1 
343 1 
330 2 479 1 803 1 1228 1 1229 1 
481 2 522 1 1254 1 1255 1 1256 1 
2 1 1058 1 
472 2 
739 1 
583 2 584 2 585 1 586 1 807 2 808 2 
464 1 778 2 779 2 850 1 
3 2 
330 1 
106 2 846 1 
335 2 545 1 
335 1 336 2 
646 1 
166 2 198 1 517 2 
607 2 844 1 
298 1 317 2 1163 1 
4 1 1059 1 
332 2 333 2 691 1 
4 2 1059 2 
340 1 870 1 872 1 874 1 993 1 
334 1 
5 2 6 1 
856 1 
622 1 623 2 
322 1 1026 2 
822 1 998 2 1384 1 1385 1 
11 2 765 1 1358 1 
12 2 26 1 127 2 128 2 129 2 1062 1 1063 1 1064 1 1065 1 1083 2 1084 2 1085 2 1086 2 1087 2 1088 2 
13 2 127 1 128 1 129 1 765 2 1083 1 1084 1 1085 1 1086 1 1087 1 1088 1 1358 2 
14 2 25 1 130 2 131 2 132 2 1060 1 1061 1 1089 2 1090 2 1091 2 1092 2 1093 2 
5 1 62 2 275 1 758 2 936 1 980 1 981 1 
41 2 777 1 
352 2 805 2 1169 2 1170 2 1171 2 1172 2 1372 2 1373 2 
15 1 136 1 137 1 138 1 767 2 1099 1 1100 1 1101 1 1102 1 1103 1 1360 2 
16 2 17 2 836 1 837 1 1015 2 1016 2 1017 2 1463 2 
789 2 
786 2 
788 2 
787 2 
23 2 621 2 622 2 
18 2 623 1 624 1 625 1 
621 1 769 2 770 2 
19 2 28 1 
317 1 318 2 
318 1 933 2 
20 2 927 1 
21 2 577 1 
607 1 1008 2 
23 1 
24 2 34 1 133 2 134 2 135 2 1066 1 1094 2 1095 2 1096 2 1097 2 1098 2 
25 2 306 1 624 2 625 2 691 2 1039 1 1040 1 1060 2 1061 2 
26 2 27 1 307 1 608 1 609 1 1062 2 1063 2 1064 2 1065 2 
28 2 558 1 
801 2 803 2 805 1 1368 2 1372 1 1373 1 
801 1 855 2 1368 1 
252 2 854 1 
215 2 643 1 644 1 1304 1 
215 1 223 2 
37 2 700 1 
37 1 42 2 44 1 45 1 506 1 987 1 988 1 1067 1 1068 1 
44 2 343 1 1067 2 
29 2 88 1 316 2 441 2 
88 2 89 1 
111 1 581 2 996 1 1283 2 1284 2 
581 1 822 2 1283 1 1284 1 1384 2 1385 2 
456 2 650 1 
160 2 1114 2 
160 1 1114 1 
350 1 351 1 
31 1 253 1 558 2 
583 1 584 1 585 2 586 2 
33 1 
567 2 996 1 
571 1 650 2 
34 2 637 1 638 1 769 1 770 1 1066 2 
567 1 987 1 988 1 998 2 
221 1 224 2 
219 2 223 1 
219 1 221 2 
183 2 191 1 
824 1 835 2 
832 2 835 1 
816 1 894 2 895 1 
115 1 846 2 
35 1 121 1 831 2 
336 1 816 2 
331 2 817 1 
450 2 451 2 452 2 967 1 
692 1 699 2 
666 2 699 1 
692 2 946 1 947 1 
673 2 698 1 1339 1 
677 1 678 1 679 1 680 1 817 2 
529 2 804 1 1261 2 1369 1 1370 1 1371 1 
468 1 469 1 804 2 1369 2 1370 2 1371 2 
36 1 158 2 167 1 
75 2 76 2 361 1 362 1 364 1 365 1 366 1 367 1 368 1 369 1 399 1 402 1 405 1 408 1 410 1 413 1 415 1 418 1 419 1 422 1 661 2 662 2 
172 2 173 1 174 1 
39 2 40 2 41 1 
39 1 40 1 914 2 
435 2 1007 1 
435 1 629 2 630 2 
826 2 827 1 943 1 
319 1 827 2 
182 1 
729 2 730 1 
730 2 1014 1 
386 1 930 2 
645 2 949 1 950 1 1433 1 
964 1 
46 1 580 1 
38 2 166 1 
43 1 175 1 
37 1 63 1 64 1 65 1 67 2 68 1 83 2 84 2 85 1 86 1 112 1 113 1 150 1 151 1 152 1 254 1 274 1 672 1 987 1 988 1 1113 1 1139 1 1331 1 
75 1 76 1 422 2 
456 1 
53 2 54 1 141 1 142 2 143 2 144 1 150 2 151 2 152 2 886 1 887 2 978 1 979 1 1069 2 1070 2 1108 2 1109 2 1113 2 1398 1 1399 1 1400 2 1401 2 
30 1 46 2 47 1 48 1 49 1 50 1 51 1 52 1 55 2 56 2 58 2 61 2 67 1 68 2 75 2 76 2 83 1 84 1 263 1 264 2 265 2 268 2 269 2 319 2 387 1 388 1 389 1 390 1 391 1 392 1 393 1 394 1 395 1 396 1 397 1 423 2 424 2 517 1 559 2 560 2 580 1 589 2 624 2 625 2 651 2 763 2 764 2 765 2 766 2 767 2 791 1 793 2 925 2 943 2 1071 2 1142 2 1146 2 1190 1 1191 1 1192 1 1193 1 1194 1 1195 1 1196 1 1197 1 1198 1 1199 1 1200 1 1201 1 1202 1 1273 2 1306 2 1356 2 1357 2 1358 2 1359 2 1360 2 1366 2 
57 2 65 2 763 1 1356 1 
59 1 1021 2 
58 1 59 2 
112 2 113 2 589 1 672 2 987 2 988 2 1331 2 
77 2 
77 1 
263 2 264 1 265 1 1142 1 
274 2 925 1 
53 1 211 1 887 1 1069 1 1070 1 1400 1 1401 1 
755 2 1354 2 1355 2 
90 2 91 1 101 1 103 2 692 1 869 1 870 1 1074 1 1075 1 1076 1 
87 2 100 2 101 2 102 1 110 1 748 1 869 2 
55 1 56 1 60 1 92 1 93 1 94 1 95 1 96 1 97 1 100 1 104 1 168 1 191 1 199 2 200 2 203 1 205 1 206 2 207 2 208 2 229 1 250 1 270 1 271 1 283 1 284 1 289 1 293 1 304 1 308 1 310 1 329 1 331 1 334 1 337 1 339 1 358 1 363 1 448 1 450 1 451 1 452 1 453 1 454 1 473 1 494 1 500 1 504 1 505 1 509 1 523 1 533 1 540 1 542 1 567 1 568 1 569 1 570 1 581 1 590 1 617 1 626 1 677 1 683 1 684 1 685 1 686 1 687 1 705 1 706 1 707 1 715 2 720 1 721 1 722 1 723 1 724 1 725 1 726 1 727 1 728 1 784 1 796 1 797 1 798 1 799 1 803 1 817 1 819 1 821 1 822 1 824 1 833 1 842 1 843 1 846 1 848 1 877 1 878 1 879 1 883 2 893 1 896 1 899 2 900 2 907 1 934 1 937 1 938 1 939 2 958 1 966 1 968 1 991 1 994 1 997 1 1025 1 1033 1 1034 1 1035 1 1046 1 1126 1 1127 2 1129 1 1147 1 1148 1 1164 1 1175 1 1249 1 1275 1 1276 1 1277 1 1278 1 1283 1 1284 1 1341 1 1342 1 1364 1 1367 1 1384 1 1385 1 1397 2 1402 2 1403 2 1404 2 1405 2 1406 2 1407 2 1425 1 1426 1 
708 1 709 1 1343 1 1344 1 1345 1 1346 1 
7 1 9 1 19 1 23 1 77 1 110 2 182 1 248 1 321 1 562 1 739 1 917 1 1027 1 1274 1 
120 2 325 2 544 1 
106 1 114 2 605 1 1077 2 
111 2 115 2 843 1 
41 1 42 2 80 1 116 2 118 2 119 1 122 2 123 2 193 2 194 2 350 2 351 2 507 1 508 2 512 2 559 2 560 2 591 1 599 1 600 1 601 1 602 1 608 2 609 2 637 2 638 2 768 1 773 2 810 2 855 1 915 1 964 2 1009 2 1015 1 1016 1 1017 1 1026 1 1039 2 1040 2 1250 2 1273 2 1375 2 1458 2 1463 1 
149 1 781 2 1112 1 
109 2 122 2 123 2 124 2 125 1 167 2 543 2 577 1 629 1 754 1 1078 1 1079 1 1080 1 1081 1 1352 1 1353 1 
124 1 
157 2 1033 1 
154 2 155 1 
153 2 154 1 156 1 
7 2 9 2 19 2 23 2 77 2 98 2 158 2 159 1 182 2 248 2 321 2 562 2 671 1 739 2 917 2 1027 2 1274 2 1330 1 
98 1 946 2 947 2 
158 1 
39 1 40 1 83 1 84 1 92 2 93 2 94 2 95 2 96 2 97 2 100 1 103 1 105 1 124 1 163 2 178 1 179 1 180 1 186 1 187 1 188 1 195 1 196 1 202 1 210 1 260 1 277 1 370 1 371 1 372 1 373 1 374 1 375 1 376 1 377 1 378 1 379 1 380 1 381 1 382 1 383 1 384 1 385 1 501 1 513 1 514 1 526 1 528 1 575 1 582 1 610 1 611 1 639 1 640 1 647 1 648 1 674 1 675 1 702 1 712 1 715 1 748 2 781 1 785 1 811 1 812 1 851 1 853 1 928 1 983 1 984 1 992 1 1010 1 1011 1 1018 1 1019 1 1041 1 1120 1 1176 1 1177 1 1178 1 1179 1 1180 1 1181 1 1182 1 1183 1 1184 1 1185 1 1186 1 1187 1 1188 1 1189 1 1257 1 1365 1 1390 1 1392 1 1393 1 1394 1 1395 1 1420 1 
3 1 
164 2 165 1 629 1 
168 2 199 1 
200 1 
793 1 1366 1 
149 2 826 1 827 1 828 1 1112 2 
754 2 1352 2 1353 2 
169 2 826 1 
104 2 916 1 939 1 
170 1 173 2 174 2 
171 1 175 2 
176 2 177 1 179 2 180 2 181 1 1115 1 1116 1 
177 2 178 1 
179 1 180 1 
184 2 186 1 187 2 188 2 189 1 1120 1 1121 1 1122 1 1123 1 
187 1 188 1 
107 2 178 2 184 1 186 2 190 2 191 2 192 2 193 2 194 2 195 2 196 2 197 1 846 2 1120 2 1124 1 1125 1 
183 1 587 2 588 2 
195 1 196 1 
198 2 978 2 
39 2 40 2 55 2 56 2 60 2 83 2 84 2 92 2 93 2 99 2 100 2 104 2 124 2 178 2 179 2 180 2 186 2 187 2 188 2 191 2 195 2 196 2 199 2 202 2 203 2 204 2 205 2 206 1 207 1 208 1 209 2 229 2 250 2 260 2 270 2 271 2 277 2 283 2 284 2 289 2 293 2 304 2 308 2 310 2 329 2 331 2 334 2 337 2 339 2 358 2 363 2 370 2 371 2 372 2 373 2 374 2 375 2 376 2 377 2 378 2 379 2 380 2 381 2 382 2 383 2 384 2 385 2 437 2 438 2 448 2 450 2 451 2 452 2 453 2 454 2 473 2 494 2 500 2 501 2 504 2 505 2 509 2 513 2 514 2 523 2 526 2 528 2 533 2 540 2 542 2 567 2 568 2 569 2 570 2 575 2 581 2 582 2 590 2 610 2 611 2 617 2 626 2 639 2 640 2 647 2 648 2 671 2 674 2 675 2 677 2 683 2 684 2 685 2 686 2 687 2 705 2 706 2 707 2 712 2 720 2 721 2 722 2 723 2 724 2 725 2 726 2 727 2 728 2 733 2 734 2 737 2 781 2 784 2 796 2 797 2 798 2 799 2 803 2 811 2 812 2 817 2 819 2 821 2 822 2 824 2 833 2 842 2 843 2 846 2 848 2 851 2 853 2 866 2 877 2 878 2 879 2 883 1 893 2 896 2 907 2 908 2 916 2 928 2 934 2 937 2 938 2 958 2 966 2 968 2 983 2 984 2 991 2 992 2 994 2 997 2 1010 2 1011 2 1018 2 1019 2 1025 2 1033 2 1034 2 1035 2 1041 2 1046 2 1120 2 1126 2 1127 1 1129 2 1147 2 1148 2 1164 2 1175 2 1176 2 1177 2 1178 2 1179 2 1180 2 1181 2 1182 2 1183 2 1184 2 1185 2 1186 2 1187 2 1188 2 1189 2 1249 2 1257 2 1275 2 1276 2 1277 2 1278 2 1283 2 1284 2 1330 2 1341 2 1342 2 1349 2 1364 2 1367 2 1384 2 1385 2 1390 2 1392 2 1393 2 1394 2 1395 2 1397 1 1414 2 1420 2 1425 2 1426 2 
209 1 
211 2 212 2 
209 2 213 1 214 1 
99 1 785 2 1365 2 
321 2 
190 1 315 1 
190 2 229 1 759 2 1129 1 
283 1 326 1 678 1 722 2 903 2 904 2 1410 2 1411 2 
247 1 
795 1 
231 2 235 2 237 1 238 1 241 2 1133 1 
232 2 236 2 239 1 240 1 242 2 1134 1 
241 1 
242 1 
233 2 235 1 243 1 245 2 1131 2 1135 1 1136 1 
234 2 236 1 244 1 246 2 1132 2 1137 1 1138 1 
245 1 
246 1 
543 1 
112 2 
254 2 255 1 1139 2 1140 1 1141 1 
254 1 1139 1 
249 1 250 2 531 1 
247 2 250 1 
89 2 165 2 251 2 252 1 253 2 
78 2 256 1 268 1 269 1 1072 2 1146 1 
178 2 759 1 
321 1 
257 2 281 1 283 2 745 2 789 1 835 1 
21 1 890 2 
17 1 22 1 25 1 26 1 34 1 62 1 66 1 98 1 115 2 116 1 121 1 157 1 166 1 167 1 219 1 220 1 258 1 261 1 293 2 331 1 398 1 399 1 400 1 401 1 402 1 403 1 404 1 405 1 406 1 407 1 408 1 409 1 410 1 411 1 412 1 413 1 414 1 415 1 416 1 417 1 418 1 419 1 420 1 421 1 422 1 423 1 424 1 431 1 432 1 483 1 486 1 506 1 519 1 529 1 561 2 599 1 600 1 601 1 602 1 607 1 616 1 667 1 668 1 738 1 758 1 769 1 770 1 771 1 772 1 777 1 791 1 832 1 833 1 836 1 837 1 838 1 841 1 886 1 887 1 927 1 964 1 987 1 988 1 1024 1 1029 1 1060 1 1061 1 1062 1 1063 1 1064 1 1065 1 1066 1 1203 1 1204 1 1261 1 1292 1 1293 1 1294 1 1387 1 1388 1 1389 1 1398 1 1399 1 1400 1 1401 1 
30 2 31 1 46 1 47 2 48 2 49 2 50 2 51 2 52 2 58 1 61 1 67 2 68 1 75 1 76 1 82 2 83 2 84 2 117 2 121 1 167 1 231 2 232 2 233 2 234 2 237 1 238 1 239 1 240 1 243 1 244 1 259 2 260 2 263 2 264 1 265 1 268 1 269 1 319 1 329 1 370 2 371 2 372 2 373 2 374 2 375 2 376 2 377 2 378 2 379 2 380 2 381 2 382 2 383 2 384 2 385 2 387 2 388 2 389 2 390 2 391 2 392 2 393 2 394 2 395 2 396 2 397 2 398 1 400 1 401 1 403 1 404 1 406 1 407 1 409 1 411 1 412 1 414 1 416 1 417 1 420 1 421 1 423 1 424 1 503 1 517 2 559 1 560 1 579 2 580 2 589 1 624 1 625 1 626 2 651 1 660 1 661 1 662 1 758 2 763 1 764 1 765 1 766 1 767 1 791 2 793 1 859 1 860 1 861 1 862 1 863 1 864 1 865 1 925 1 927 1 943 1 958 2 1071 1 1131 2 1132 2 1133 1 1134 1 1135 1 1136 1 1137 1 1138 1 1142 1 1146 1 1176 2 1177 2 1178 2 1179 2 1180 2 1181 2 1182 2 1183 2 1184 2 1185 2 1186 2 1187 2 1188 2 1189 2 1190 2 1191 2 1192 2 1193 2 1194 2 1195 2 1196 2 1197 2 1198 2 1199 2 1200 2 1201 2 1202 2 1273 1 1282 2 1306 1 1356 1 1357 1 1358 1 1359 1 1360 1 1366 1 
261 2 1029 1 
262 1 263 1 264 2 265 2 1142 2 
257 1 266 2 267 1 1143 1 1144 1 1145 1 
247 2 270 1 271 1 326 2 678 2 722 1 795 2 835 2 910 2 1147 1 1148 1 1416 2 
274 1 275 1 277 2 279 1 505 2 672 2 835 2 935 2 987 2 988 2 1154 1 1155 1 1156 1 1157 1 1158 1 1331 2 
275 2 276 2 278 1 672 1 935 1 1153 2 1331 1 
277 1 
280 2 281 2 282 1 745 1 
288 2 290 1 747 1 870 2 
289 1 495 1 727 2 899 1 900 1 1402 1 1403 1 1404 1 1405 1 1406 1 1407 1 
289 2 747 2 786 1 
158 1 291 1 293 2 
495 2 727 1 908 1 1414 1 
292 1 894 2 
370 2 398 1 401 2 859 1 
48 1 69 2 370 1 400 1 403 2 859 2 
105 2 107 1 
284 1 726 2 903 1 904 1 1410 1 1411 1 
284 2 294 2 744 2 
295 2 726 1 910 1 1416 1 
296 2 297 1 744 1 
361 1 371 2 401 1 404 2 407 2 860 1 
361 2 402 1 405 2 408 2 
49 1 70 2 371 1 403 1 406 2 860 2 
304 1 718 2 724 2 752 1 901 1 902 1 1408 1 1409 1 
304 2 718 1 749 2 
305 1 749 1 872 2 
724 1 752 2 909 1 1415 1 
308 2 518 1 1164 2 
308 1 425 1 426 1 427 1 460 2 461 1 681 2 891 2 999 2 1164 1 1220 2 
309 2 310 1 995 1 
120 1 311 2 324 1 
312 2 313 2 314 2 315 2 
324 2 325 1 
310 2 316 1 441 1 
288 1 320 1 874 2 
322 2 666 1 
894 1 895 2 
323 2 620 1 
712 2 737 1 1349 1 
326 2 
326 1 327 1 328 2 1165 1 1166 1 1167 1 1168 1 
329 2 866 1 
334 2 
931 2 1027 1 
214 2 293 1 
337 1 723 2 
337 2 746 2 991 1 995 1 
338 1 723 1 
725 2 905 1 906 1 1034 1 1412 1 1413 1 
294 1 339 1 342 1 740 2 995 2 1034 2 
296 1 339 2 340 2 341 1 740 1 
295 1 342 2 725 1 911 1 1417 1 
32 1 350 2 351 2 807 1 
298 2 427 1 963 1 990 2 1163 2 1444 1 1454 2 
605 1 606 2 
225 2 226 1 354 1 1173 1 
355 2 
218 1 356 2 357 1 1174 1 
356 1 
216 1 217 1 218 2 248 1 1128 1 
216 2 217 2 225 1 1128 2 
172 1 
358 2 359 1 1175 2 
358 1 795 2 856 1 942 1 1175 1 
65 1 141 2 142 1 143 1 144 2 360 1 763 2 1108 1 1109 1 1356 2 
426 2 448 2 
429 2 797 1 1367 1 
428 1 429 1 467 1 471 1 489 2 570 1 656 1 796 2 797 2 802 1 963 1 990 1 1278 1 1367 2 1444 1 1454 1 
192 2 437 1 438 1 445 1 446 1 461 2 955 2 957 1 1434 2 1435 2 1436 2 1440 1 1441 1 1442 1 
386 2 
425 2 428 2 448 1 796 1 
430 2 433 1 932 2 
226 2 434 1 917 1 1205 1 
480 1 848 2 
437 2 438 2 439 2 440 2 443 1 444 1 893 1 
439 1 440 1 443 2 444 2 
292 1 322 1 431 2 432 2 435 1 442 1 453 2 454 2 544 1 545 1 643 1 644 1 930 1 1203 2 1204 2 1304 1 
843 2 848 1 
114 1 613 1 1077 1 1289 1 
447 2 532 1 566 2 951 2 
449 1 570 2 920 1 1206 1 1207 1 1208 1 1209 1 1210 1 1211 1 1212 1 1213 1 1214 1 1215 1 1216 1 1217 1 1218 1 1219 1 1278 2 
105 1 106 1 177 1 313 2 443 2 444 2 445 2 446 2 455 2 456 1 457 1 955 1 956 1 1434 1 1435 1 1436 1 1437 1 1438 1 1439 1 
476 2 498 1 806 2 1023 1 1222 2 1374 2 
425 1 479 2 963 2 989 1 990 1 999 1 1008 1 1228 2 1229 2 1444 2 1453 1 1454 1 
459 1 531 2 
462 1 
468 2 469 2 470 2 568 1 689 2 802 2 806 1 1003 2 1275 1 1276 1 1374 1 
470 1 471 2 509 1 
303 1 355 1 472 1 473 2 474 1 477 1 490 1 670 1 892 1 1223 1 1224 1 1225 1 1226 1 1227 1 
473 1 475 2 1023 2 
800 2 
58 2 467 2 478 1 489 1 800 1 
480 2 842 1 
111 1 311 1 482 1 
94 1 95 1 107 1 201 2 281 1 328 1 458 1 494 1 495 1 679 1 716 2 717 2 720 2 751 1 901 2 902 2 1036 1 1408 2 1409 2 
328 2 458 2 655 1 
447 1 491 2 
490 2 
303 1 474 1 496 1 497 1 499 1 509 2 568 2 652 1 922 2 1004 1 1005 1 1230 1 1231 1 1232 1 1233 1 1234 1 1235 1 1236 1 1237 1 1238 1 1239 1 1240 1 1241 1 1242 1 1243 1 1244 1 1245 1 1275 2 1276 2 1307 1 1308 1 1309 1 1310 1 1311 1 1312 1 
89 2 165 2 186 2 229 2 271 2 489 2 500 1 501 2 502 1 510 2 511 2 512 2 528 2 605 2 848 2 1120 2 1129 2 1148 2 1246 1 1247 1 1248 1 
501 1 
503 2 
41 2 42 1 61 2 80 2 89 1 122 1 123 1 165 1 186 1 193 1 194 1 229 1 271 1 310 2 350 1 351 1 489 1 500 2 504 2 505 2 506 2 507 2 508 1 510 1 511 1 512 1 513 2 514 2 515 1 528 1 591 2 605 1 608 1 609 1 637 1 638 1 755 1 768 2 773 1 774 2 778 1 810 1 848 1 855 2 885 1 914 2 968 2 1009 1 1015 2 1016 2 1017 2 1026 2 1039 1 1040 1 1071 2 1120 1 1129 1 1148 1 1249 2 1250 1 1251 1 1252 1 1253 1 1354 1 1355 1 1375 1 1458 1 1463 2 
465 2 466 2 504 1 1249 1 
464 2 465 1 466 1 773 1 885 2 
543 1 
505 1 542 2 
513 1 514 1 
109 2 516 2 603 1 651 2 1024 1 1306 2 
109 1 121 2 483 2 486 2 492 1 493 1 517 1 519 2 526 2 527 1 542 2 842 2 978 1 979 1 987 2 988 2 1257 2 1258 1 1259 1 1260 1 
126 2 426 1 1082 2 
126 1 463 1 490 1 518 2 520 2 521 1 523 2 1082 1 1221 1 
460 1 461 2 463 2 523 1 531 1 1220 1 1221 2 
481 1 496 2 497 2 498 2 
526 1 1257 1 
494 2 495 2 528 1 533 1 546 1 548 1 716 1 717 1 750 2 788 1 
201 1 
323 1 532 2 
530 2 533 2 534 1 750 1 871 2 
535 2 536 1 537 2 538 1 539 1 1262 2 1263 2 1264 2 1265 1 1266 1 1267 1 1268 1 
386 2 524 1 525 1 535 1 537 1 538 2 539 2 541 1 542 1 543 2 642 2 930 1 1262 1 1263 1 1264 1 1265 2 1266 2 1267 2 1268 2 
94 2 95 2 107 2 200 2 201 2 281 2 544 2 545 2 546 2 655 2 679 2 720 1 751 2 909 2 1036 2 1415 2 
530 1 547 2 548 2 549 1 871 1 872 1 1269 1 1270 1 1271 1 
1 1 2 1 3 2 5 1 6 1 9 1 10 2 16 2 19 1 20 2 21 1 25 2 26 2 30 1 31 1 32 1 34 2 35 1 36 1 39 2 40 2 44 1 45 1 55 1 56 1 58 1 61 1 62 2 63 1 64 1 65 1 66 2 67 2 68 1 82 1 85 1 87 2 88 1 90 2 91 1 98 2 100 1 102 1 104 1 107 1 108 2 111 2 112 1 113 1 115 1 116 2 119 1 120 1 121 2 125 1 126 2 127 2 128 2 129 2 130 2 131 2 132 2 133 2 134 2 135 2 136 2 137 2 138 2 139 2 140 2 141 1 142 2 143 2 144 1 145 1 146 1 147 1 148 1 149 1 150 1 151 1 152 1 154 1 157 2 159 1 163 2 165 1 166 2 167 2 168 1 173 1 174 1 175 2 178 1 181 1 182 1 183 2 186 1 189 1 190 1 192 1 197 1 198 1 199 2 200 2 201 2 202 1 203 1 206 2 207 2 208 2 209 2 211 1 213 1 214 1 215 2 216 2 217 2 218 2 219 1 220 1 221 2 222 2 223 2 224 2 225 2 229 1 230 2 231 2 232 2 233 2 234 2 235 2 236 2 237 1 238 1 239 1 240 1 241 2 242 2 243 1 244 1 245 2 246 2 247 2 248 1 249 1 250 1 254 1 255 1 256 1 259 1 261 2 266 2 267 1 268 1 269 1 270 1 271 1 272 2 273 1 274 1 279 1 280 2 281 1 282 1 285 1 286 1 287 1 288 2 290 1 291 1 292 1 293 1 294 2 295 2 296 2 297 1 299 2 300 2 301 2 302 2 305 1 308 1 309 2 310 1 311 1 315 1 319 1 320 1 321 1 322 1 325 1 326 1 327 1 329 1 330 1 332 2 333 2 334 1 335 2 336 2 339 1 341 1 342 1 356 1 358 1 361 1 362 1 363 1 364 1 365 1 366 1 367 1 368 1 369 1 386 1 387 1 388 1 389 1 390 1 391 1 392 1 393 1 394 1 395 1 396 1 397 1 398 2 399 2 400 2 401 2 402 2 403 2 404 2 405 2 406 2 407 2 408 2 409 2 410 2 411 2 412 2 413 2 414 2 415 2 416 2 417 2 418 2 419 2 420 2 421 2 422 2 423 2 424 2 430 1 432 2 435 1 436 1 437 2 438 2 439 2 440 2 448 1 449 1 452 1 456 1 457 1 458 1 460 2 464 1 465 2 466 2 468 1 469 1 473 1 475 2 476 2 477 1 479 1 480 1 483 2 485 1 486 2 488 1 500 1 502 1 505 1 506 2 507 1 508 2 509 1 512 2 515 1 518 1 521 1 522 1 523 1 524 1 525 1 527 1 528 1 531 1 533 1 534 1 535 2 537 2 540 1 542 1 544 1 545 1 546 1 547 2 549 1 551 1 552 2 553 2 554 2 555 2 556 2 559 1 560 1 561 1 562 1 567 1 568 1 569 1 570 1 571 1 572 1 573 1 576 1 579 1 580 2 581 1 582 1 583 2 584 2 585 1 586 1 587 2 588 2 590 1 592 1 605 1 607 2 612 1 614 1 616 2 617 1 618 1 619 1 621 1 624 1 625 1 627 2 628 2 629 1 630 2 631 1 632 1 633 1 634 2 636 1 641 1 643 2 644 2 646 1 649 1 651 1 653 1 654 1 655 2 657 1 660 1 663 1 664 1 665 1 669 1 672 1 673 1 676 1 677 1 678 1 679 1 680 1 683 1 684 1 685 1 686 1 687 1 690 1 693 1 694 1 698 2 700 1 702 1 703 2 704 2 705 1 706 1 707 1 708 1 709 1 712 1 713 2 714 1 715 1 716 1 717 1 718 1 719 1 730 2 733 2 734 2 735 1 737 2 738 2 751 1 752 1 759 1 769 2 770 2 771 2 772 2 775 1 777 2 778 1 779 2 781 1 782 1 784 1 785 1 786 1 787 1 788 1 789 1 790 1 793 1 794 1 795 2 796 1 797 1 798 1 799 1 801 1 804 1 807 1 808 2 813 1 814 1 818 1 820 1 823 1 824 1 825 1 829 1 830 1 831 1 832 2 835 1 838 2 841 2 842 1 843 1 846 1 847 1 848 1 850 1 852 1 853 1 857 2 859 1 860 1 861 1 862 1 863 1 864 1 865 1 866 2 867 2 877 1 878 1 879 1 881 1 883 2 885 1 886 2 887 2 889 1 890 1 893 1 896 1 897 1 898 1 907 1 914 2 915 1 916 2 917 1 920 1 921 1 922 2 927 2 929 1 930 1 931 1 932 1 933 2 934 1 935 1 936 1 937 1 938 1 939 2 943 1 944 2 946 1 947 1 948 2 949 2 950 2 951 2 953 1 954 1 960 1 961 1 964 1 966 1 967 1 968 1 974 1 977 1 985 1 986 1 987 2 988 2 991 1 992 1 996 1 998 2 1000 2 1001 2 1003 1 1006 1 1012 1 1014 1 1020 1 1021 2 1024 2 1027 1 1029 2 1031 1 1032 1 1033 1 1035 1 1036 1 1037 1 1038 1 1042 1 1045 1 1046 1 1047 2 1048 1 1057 1 1058 1 1060 2 1061 2 1062 2 1063 2 1064 2 1065 2 1066 2 1067 1 1068 1 1071 1 1074 1 1075 1 1076 1 1078 1 1079 1 1080 1 1081 1 1082 2 1083 2 1084 2 1085 2 1086 2 1087 2 1088 2 1089 2 1090 2 1091 2 1092 2 1093 2 1094 2 1095 2 1096 2 1097 2 1098 2 1099 2 1100 2 1101 2 1102 2 1103 2 1104 2 1105 2 1106 2 1107 2 1108 2 1109 2 1110 1 1111 1 1112 1 1113 1 1115 1 1116 1 1120 1 1121 1 1122 1 1123 1 1124 1 1125 1 1127 2 1128 2 1129 1 1130 2 1131 2 1132 2 1133 1 1134 1 1135 1 1136 1 1137 1 1138 1 1139 1 1140 1 1141 1 1143 1 1144 1 1145 1 1146 1 1147 1 1148 1 1149 2 1150 2 1151 2 1152 1 1154 1 1155 1 1156 1 1157 1 1158 1 1159 1 1160 1 1161 1 1162 1 1164 1 1165 1 1166 1 1167 1 1168 1 1175 1 1190 1 1191 1 1192 1 1193 1 1194 1 1195 1 1196 1 1197 1 1198 1 1199 1 1200 1 1201 1 1202 1 1206 1 1207 1 1208 1 1209 1 1210 1 1211 1 1212 1 1213 1 1214 1 1215 1 1216 1 1217 1 1218 1 1219 1 1220 2 1222 2 1223 1 1224 1 1225 1 1226 1 1227 1 1228 1 1229 1 1246 1 1247 1 1248 1 1250 2 1251 1 1252 1 1253 1 1254 1 1255 1 1256 1 1258 1 1259 1 1260 1 1262 2 1263 2 1264 2 1269 1 1270 1 1271 1 1273 1 1274 1 1275 1 1276 1 1277 1 1278 1 1279 1 1280 1 1281 1 1282 1 1283 1 1284 1 1285 1 1286 1 1287 1 1288 1 1290 1 1291 1 1292 2 1293 2 1294 2 1295 1 1296 1 1297 2 1299 1 1300 1 1301 1 1302 1 1303 1 1304 2 1305 1 1306 1 1313 1 1314 1 1315 1 1316 1 1317 1 1318 1 1319 1 1320 1 1321 1 1322 1 1323 1 1324 1 1325 1 1326 1 1327 1 1328 1 1329 1 1331 1 1332 1 1333 1 1334 1 1335 1 1336 1 1337 1 1339 2 1340 2 1341 1 1342 1 1343 1 1344 1 1345 1 1346 1 1349 2 1361 1 1363 1 1364 1 1365 1 1366 1 1367 1 1368 1 1369 1 1370 1 1371 1 1376 1 1377 1 1378 1 1379 1 1380 1 1381 1 1382 1 1383 1 1387 2 1388 2 1389 2 1391 1 1392 1 1393 1 1394 1 1395 1 1396 2 1397 2 1398 2 1399 2 1400 2 1401 2 1421 1 1422 1 1423 1 1424 1 1425 1 1426 1 1429 2 1430 2 1431 2 1432 2 1433 2 1443 1 1448 1 1449 1 1450 1 1451 1 1452 1 1455 2 1456 2 1457 2 1459 1 1460 1 1461 1 1462 1 1464 1 1465 1 1466 1 1467 1 1468 1 1469 1 1470 1 1471 1 1472 1 
3 2 4 2 8 1 30 2 31 2 32 2 33 2 37 2 38 2 44 2 63 2 64 2 65 2 67 1 68 2 82 2 87 2 90 2 101 2 110 2 120 2 145 2 146 2 147 2 148 2 149 2 150 2 151 2 152 2 153 2 154 2 157 2 160 2 161 2 162 2 163 2 168 2 169 2 176 2 184 2 186 2 202 2 203 2 205 2 206 1 207 1 208 1 210 2 216 1 217 1 223 1 224 1 225 1 227 1 228 1 229 2 230 1 235 1 236 1 241 1 242 1 245 1 246 1 248 1 254 2 257 2 259 2 261 1 266 2 268 2 269 2 271 2 272 1 275 2 276 2 278 1 280 2 288 2 294 2 295 2 296 2 298 2 299 1 300 1 301 1 302 1 303 2 306 1 307 1 315 2 316 1 318 1 322 2 324 2 325 2 336 2 342 2 343 2 344 2 345 1 346 1 347 1 348 1 349 1 352 1 355 2 361 2 362 2 363 2 364 2 365 2 366 2 367 2 368 2 369 2 387 2 388 2 389 2 390 2 391 2 392 2 393 2 394 2 395 2 396 2 397 2 398 1 399 1 400 1 401 1 402 1 403 1 404 1 405 1 406 1 407 1 408 1 409 1 410 1 411 1 412 1 413 1 414 1 415 1 416 1 417 1 418 1 419 1 420 1 421 1 422 1 423 1 424 1 428 2 429 2 435 2 452 2 455 2 456 2 463 2 464 1 467 2 472 2 474 2 481 1 490 2 492 1 493 1 496 2 497 2 507 2 508 1 510 2 511 2 522 2 524 2 525 2 528 2 530 2 531 2 538 1 539 1 540 2 544 2 545 2 546 2 547 2 550 1 557 2 559 2 560 2 561 2 565 1 566 2 573 2 574 2 577 2 578 2 580 1 594 2 606 1 607 1 613 2 614 2 622 1 623 2 624 2 625 2 629 2 630 1 636 2 643 1 644 1 651 2 652 2 658 1 660 2 666 1 670 2 671 2 688 2 691 2 693 2 694 2 700 2 702 2 708 2 709 2 710 2 715 2 716 2 717 2 718 2 719 2 736 2 740 2 741 2 742 2 743 2 744 2 745 2 746 2 747 2 748 2 749 2 750 2 751 2 752 2 753 2 754 2 755 2 778 2 785 2 786 2 787 2 788 2 789 2 804 2 807 2 808 2 816 2 818 2 820 2 826 2 827 2 828 2 829 2 830 2 831 1 838 1 839 1 845 2 847 2 848 2 857 1 858 2 859 2 860 2 861 2 862 2 863 2 864 2 865 2 876 2 882 2 885 2 890 1 891 1 892 2 894 1 899 1 900 1 901 1 902 1 903 1 904 1 905 1 906 1 908 1 909 1 910 1 911 1 914 1 915 2 918 2 919 2 930 2 936 2 949 1 950 1 953 2 961 2 962 1 966 2 967 2 969 1 970 1 971 1 972 1 975 2 982 2 987 1 988 1 996 2 1002 2 1004 2 1005 2 1008 1 1024 2 1028 1 1038 2 1051 1 1059 2 1067 2 1110 2 1111 2 1112 2 1113 2 1114 2 1120 2 1126 2 1127 1 1128 1 1129 2 1130 1 1139 2 1146 2 1148 2 1149 1 1150 1 1151 1 1153 2 1163 2 1169 1 1170 1 1171 1 1172 1 1190 2 1191 2 1192 2 1193 2 1194 2 1195 2 1196 2 1197 2 1198 2 1199 2 1200 2 1201 2 1202 2 1221 2 1250 1 1254 2 1255 2 1256 2 1265 1 1266 1 1267 1 1268 1 1272 1 1273 2 1289 2 1290 2 1291 2 1304 1 1306 2 1307 2 1308 2 1309 2 1310 2 1311 2 1312 2 1330 2 1338 2 1343 2 1344 2 1345 2 1346 2 1350 2 1351 2 1352 2 1353 2 1354 2 1355 2 1365 2 1369 2 1370 2 1371 2 1402 1 1403 1 1404 1 1405 1 1406 1 1407 1 1408 1 1409 1 1410 1 1411 1 1412 1 1413 1 1414 1 1415 1 1416 1 1417 1 1418 2 1419 2 1433 1 1443 2 1445 1 1446 1 1447 1 1473 1 1474 1 1475 1 
38 1 69 1 70 1 71 1 72 1 73 1 74 1 169 1 172 1 227 2 228 2 230 2 314 1 387 1 388 1 389 1 390 1 391 1 392 1 393 1 394 1 395 1 396 1 397 1 538 2 539 2 792 1 826 1 827 1 828 1 876 1 880 1 882 1 969 2 970 2 971 2 972 2 1130 2 1190 1 1191 1 1192 1 1193 1 1194 1 1195 1 1196 1 1197 1 1198 1 1199 1 1200 1 1201 1 1202 1 1265 2 1266 2 1267 2 1268 2 1445 2 1446 2 1447 2 
113 2 274 2 961 2 1443 2 
577 2 630 1 
55 2 56 2 229 2 561 1 784 2 1033 2 1129 2 1364 2 
110 1 113 1 276 1 278 2 562 2 673 2 682 2 1153 1 1274 2 
365 1 376 2 377 2 409 1 414 2 417 2 563 1 862 1 1180 2 1181 2 
366 1 378 2 379 2 412 1 564 1 1182 2 1183 2 
300 1 378 1 379 1 389 2 390 2 1182 1 1183 1 1193 2 1194 2 1195 2 
366 2 413 1 
384 2 421 1 
74 2 232 1 234 1 239 2 240 2 244 2 384 1 1132 1 1134 2 1137 2 1138 2 
558 2 840 1 
17 1 571 2 
182 2 573 1 575 2 576 1 1279 1 1280 1 1281 1 
574 2 591 1 
573 2 574 1 
575 1 
578 1 1028 2 
579 1 580 2 1282 1 
587 1 588 1 589 2 590 2 
682 1 
90 1 592 1 593 2 873 1 874 1 
942 1 
162 2 
63 2 595 2 764 1 1357 1 
63 1 133 1 134 1 135 1 596 2 764 2 1094 1 1095 1 1096 1 1097 1 1098 1 1357 2 
192 1 891 2 
64 2 597 2 766 1 1359 1 
64 1 130 1 131 1 132 1 598 2 766 2 1089 1 1090 1 1091 1 1092 1 1093 1 1359 2 
78 1 599 2 600 2 601 2 602 2 603 2 1072 1 
139 2 140 2 146 2 147 2 148 2 604 2 616 1 1104 2 1105 2 1106 2 1107 2 1111 2 1292 1 1293 1 1294 1 
96 1 97 1 728 2 
608 2 609 2 610 2 611 2 612 1 1285 1 1286 1 1287 1 1288 1 
610 1 611 1 
591 2 606 1 
107 2 163 1 593 1 613 2 614 2 617 1 742 2 787 1 1289 2 1290 2 1291 2 
146 1 147 1 148 1 162 1 753 1 1111 1 1350 1 1351 1 
753 2 1350 2 1351 2 
139 1 140 1 615 2 1104 1 1105 1 1106 1 1107 1 
616 2 1009 1 1292 2 1293 2 1294 2 1458 1 
472 1 618 1 688 1 1295 1 1338 1 
87 1 617 2 619 1 742 1 873 2 
323 2 331 1 447 2 491 2 532 2 620 2 840 2 
96 2 97 2 728 1 
631 1 
285 2 286 2 287 1 524 1 525 1 1159 2 1160 2 1161 2 1162 2 
632 2 633 1 636 1 1296 2 
634 1 636 2 1297 1 
635 1 643 2 644 2 645 1 1298 1 1304 2 
637 2 638 2 639 2 640 2 641 1 1299 1 1300 1 1301 1 1302 1 1303 1 
639 1 640 1 
524 2 525 2 642 1 
647 2 648 2 649 1 915 1 1305 1 
647 1 648 1 
118 1 455 1 651 1 654 1 663 2 664 2 665 2 667 2 668 2 1306 1 
399 2 402 2 405 2 408 2 410 2 413 2 415 2 418 2 419 2 422 2 661 1 662 1 
55 1 56 1 398 2 400 2 401 2 403 2 404 2 406 2 407 2 409 2 411 2 412 2 414 2 416 2 417 2 420 2 421 2 423 2 424 2 661 2 662 2 
652 2 653 1 1307 2 1308 2 1309 2 1310 2 1311 2 1312 2 1313 1 1314 1 1315 1 
355 1 569 2 657 1 1277 2 1316 1 1317 1 1318 1 1319 1 1320 1 1321 1 1322 1 1323 1 1324 1 1325 1 1326 1 1327 1 1328 1 1329 1 
655 2 815 2 
569 1 656 2 815 1 1277 1 
327 1 1165 1 1166 1 1167 1 1168 1 
303 2 474 2 669 1 
670 2 
112 1 562 1 671 2 673 1 674 2 675 2 676 1 682 1 1026 1 1274 1 1330 2 1332 1 1333 1 1334 1 1335 1 1336 1 1337 1 
450 1 451 1 693 2 694 2 695 1 696 1 697 1 967 2 
436 2 674 1 675 1 
579 2 677 2 678 2 679 2 680 2 1282 2 
682 2 
683 2 684 1 685 1 820 1 821 2 
686 2 687 2 
688 2 689 1 1338 2 
683 1 818 1 819 2 
484 1 487 1 492 1 493 1 519 1 691 2 695 2 696 2 697 2 698 2 995 2 1339 2 
690 1 
38 1 634 2 642 2 681 1 1297 2 
362 2 405 1 410 2 413 2 
169 1 700 2 
714 2 
701 1 713 2 736 1 
5 2 16 1 30 2 32 2 40 1 44 2 127 1 128 1 130 1 131 1 133 1 134 1 136 1 137 1 139 1 140 1 141 2 142 1 143 1 144 2 145 2 146 2 149 2 150 2 173 2 211 2 217 1 219 2 220 2 386 2 387 2 388 2 389 2 390 2 391 2 392 2 393 2 394 2 395 2 396 2 397 2 431 2 439 1 460 1 466 1 479 2 485 2 488 2 507 2 512 1 519 2 551 2 552 1 553 1 554 1 555 1 556 1 565 1 572 2 573 2 583 1 585 2 587 1 599 2 614 2 621 2 636 2 644 1 663 2 664 2 665 2 667 2 696 2 700 2 702 2 703 1 704 1 706 2 707 2 708 2 709 2 710 1 712 1 733 1 734 1 758 2 778 2 790 2 791 2 801 2 807 2 836 2 850 2 915 2 920 2 921 2 950 1 1048 2 1067 2 1083 1 1084 1 1085 1 1086 1 1089 1 1090 1 1091 1 1092 1 1094 1 1095 1 1096 1 1097 1 1099 1 1100 1 1101 1 1102 1 1104 1 1105 1 1106 1 1107 1 1108 1 1109 1 1110 2 1112 2 1128 1 1190 2 1191 2 1192 2 1193 2 1194 2 1195 2 1196 2 1197 2 1198 2 1199 2 1200 2 1201 2 1202 2 1203 2 1204 2 1220 1 1228 2 1229 2 1290 2 1291 2 1304 1 1340 1 1342 2 1343 2 1344 2 1345 2 1346 2 1368 2 1433 1 
5 1 16 2 30 1 32 1 40 2 44 1 127 2 128 2 130 2 131 2 133 2 134 2 136 2 137 2 139 2 140 2 141 1 142 2 143 2 144 1 145 1 146 1 149 1 150 1 173 1 211 1 217 2 219 1 220 1 386 1 387 1 388 1 389 1 390 1 391 1 392 1 393 1 394 1 395 1 396 1 397 1 431 1 439 2 460 2 466 2 479 1 485 1 488 1 507 1 512 2 519 1 551 1 552 2 553 2 554 2 555 2 556 2 565 2 572 1 573 1 583 2 585 1 587 2 599 1 614 1 621 1 636 1 644 2 663 1 664 1 665 1 667 1 696 1 700 1 703 2 704 2 705 2 758 1 778 1 790 1 791 1 801 1 807 1 836 1 850 1 915 1 920 1 921 1 950 2 1048 1 1067 1 1083 2 1084 2 1085 2 1086 2 1089 2 1090 2 1091 2 1092 2 1094 2 1095 2 1096 2 1097 2 1099 2 1100 2 1101 2 1102 2 1104 2 1105 2 1106 2 1107 2 1108 2 1109 2 1110 1 1112 1 1128 2 1190 1 1191 1 1192 1 1193 1 1194 1 1195 1 1196 1 1197 1 1198 1 1199 1 1200 1 1201 1 1202 1 1203 1 1204 1 1220 2 1228 1 1229 1 1290 1 1291 1 1304 2 1340 2 1341 2 1368 1 1433 2 
20 1 39 1 108 1 126 1 129 1 132 1 135 1 138 1 147 2 148 2 151 2 152 2 174 2 175 1 183 1 198 2 215 1 216 1 218 1 221 1 222 1 223 1 224 1 225 1 235 1 236 1 241 1 242 1 245 1 246 1 299 1 300 1 301 1 302 1 309 1 332 1 333 1 335 1 387 1 389 1 391 1 393 1 394 1 398 1 399 1 400 1 401 1 402 1 403 1 404 1 405 1 406 1 407 1 408 1 409 1 410 1 411 1 412 1 413 1 414 1 415 1 416 1 417 1 418 1 419 1 420 1 421 1 422 1 423 1 424 1 440 1 465 1 468 2 469 2 508 1 518 2 529 2 535 1 537 1 579 2 584 1 586 2 588 1 600 2 601 2 602 2 627 1 628 1 630 1 634 1 643 1 646 2 668 2 695 2 697 2 698 1 706 1 707 1 710 2 711 2 730 1 779 1 837 2 857 1 885 2 914 1 922 1 931 2 933 1 949 1 951 1 953 2 961 2 1000 1 1001 1 1047 1 1082 1 1087 1 1088 1 1093 1 1098 1 1103 1 1111 2 1113 2 1190 1 1191 1 1193 1 1194 1 1196 1 1197 1 1199 1 1200 1 1201 1 1250 1 1261 2 1262 1 1263 1 1264 1 1282 2 1297 1 1339 1 1342 1 1443 2 1455 1 1456 1 1457 1 
20 2 39 2 108 2 126 2 129 2 132 2 135 2 138 2 147 1 148 1 151 1 152 1 174 1 175 2 183 2 198 1 215 2 216 2 218 2 221 2 222 2 223 2 224 2 225 2 235 2 236 2 241 2 242 2 245 2 246 2 299 2 300 2 301 2 302 2 309 2 332 2 333 2 335 2 387 2 389 2 391 2 393 2 394 2 398 2 399 2 400 2 401 2 402 2 403 2 404 2 405 2 406 2 407 2 408 2 409 2 410 2 411 2 412 2 413 2 414 2 415 2 416 2 417 2 418 2 419 2 420 2 421 2 422 2 423 2 424 2 440 2 465 2 468 1 469 1 508 2 518 1 529 1 535 2 537 2 579 1 584 2 586 1 588 2 600 1 601 1 602 1 627 2 628 2 630 2 634 2 643 2 646 1 668 1 695 1 697 1 698 2 705 1 730 2 779 2 837 1 857 2 885 1 914 2 922 2 931 1 933 2 949 2 951 2 953 1 961 1 1000 2 1001 2 1047 2 1082 2 1087 2 1088 2 1093 2 1098 2 1103 2 1111 1 1113 1 1190 2 1191 2 1193 2 1194 2 1196 2 1197 2 1199 2 1200 2 1201 2 1250 2 1261 1 1262 2 1263 2 1264 2 1282 1 1297 2 1339 2 1341 1 1443 1 1455 2 1456 2 1457 2 
708 1 709 1 736 2 739 2 823 1 1343 1 1344 1 1345 1 1346 1 
38 1 87 1 90 1 157 1 160 1 161 1 162 1 163 1 169 1 184 1 266 1 270 2 275 1 276 1 280 1 288 1 294 1 295 1 296 1 336 1 467 1 484 1 487 1 500 2 507 1 508 2 510 1 519 1 547 1 578 1 712 2 731 1 732 2 736 1 753 1 754 1 755 1 876 1 882 2 926 1 936 1 980 1 981 1 987 1 988 1 1024 1 1114 1 1147 2 1153 1 1250 2 1347 1 1348 1 1350 1 1351 1 1352 1 1353 1 1354 1 1355 1 
713 1 737 2 738 1 1349 2 
702 1 733 2 734 2 735 1 907 1 
8 2 10 2 17 2 21 2 28 2 38 2 69 2 70 2 71 2 72 2 73 2 74 2 169 2 172 2 216 2 217 2 223 2 224 2 225 2 227 1 228 1 235 2 236 2 241 2 242 2 245 2 246 2 248 2 261 2 272 2 299 2 300 2 301 2 302 2 314 2 387 2 388 2 389 2 390 2 391 2 392 2 393 2 394 2 395 2 396 2 397 2 407 2 408 2 412 2 413 2 417 2 418 2 419 2 565 2 571 2 630 2 643 2 644 2 756 1 792 2 826 2 827 2 828 2 839 2 857 2 876 2 880 2 882 2 949 2 950 2 964 2 1007 2 1128 2 1149 2 1150 2 1151 2 1190 2 1191 2 1192 2 1193 2 1194 2 1195 2 1196 2 1197 2 1198 2 1199 2 1200 2 1201 2 1202 2 1304 2 1433 2 
193 1 194 1 268 2 269 2 660 2 663 1 664 1 665 1 757 2 784 1 833 2 1146 2 1364 1 
47 1 385 1 397 2 400 2 423 1 865 2 
367 1 380 2 414 1 420 2 760 1 864 1 1184 2 1185 2 
367 2 415 1 
368 1 381 2 417 1 761 1 1186 2 1187 2 
369 1 382 2 762 1 1188 2 1189 2 
369 2 419 1 
302 1 382 1 393 2 394 2 395 2 1188 1 1189 1 1199 2 1200 2 1201 2 1202 2 
385 2 398 2 424 1 865 1 
368 2 418 1 
301 1 302 2 381 1 391 2 392 2 1186 1 1187 1 1196 2 1197 2 1198 2 
768 2 
176 1 759 2 772 2 773 2 774 1 775 1 1361 1 
312 1 313 1 314 1 776 1 1362 1 
771 2 776 2 1362 2 
145 1 161 1 1110 1 
136 2 137 2 138 2 145 2 780 2 841 1 1099 2 1100 2 1101 2 1102 2 1103 2 1110 2 1387 1 1388 1 1389 1 
161 2 
365 2 410 1 415 2 418 2 419 2 
82 1 259 1 832 1 866 2 
332 1 333 1 781 2 
82 1 210 2 259 1 782 1 783 1 1363 1 
104 1 782 2 1363 2 
792 2 879 1 
491 1 840 2 
298 2 352 1 833 1 854 2 883 2 1163 2 1169 1 1170 1 1171 1 1172 1 1397 2 
793 2 794 1 1366 2 
810 2 811 2 812 2 813 1 1375 2 1376 1 1377 1 1378 1 1379 1 
767 1 809 2 1360 1 
811 1 812 1 
590 1 982 2 
810 1 838 1 841 2 1375 1 1387 2 1388 2 1389 2 
33 2 768 1 
4 1 33 1 55 1 56 1 107 1 108 1 111 1 120 1 183 1 190 1 199 1 200 1 201 1 202 1 203 1 205 1 206 2 207 2 208 2 210 1 229 1 252 1 270 1 271 1 293 1 298 1 310 1 317 1 322 1 324 1 331 1 340 2 363 1 428 1 429 1 450 1 451 1 452 1 453 1 454 1 463 1 465 1 466 1 479 2 498 2 500 1 505 1 540 1 542 1 546 1 574 1 594 1 626 1 671 1 681 1 688 1 692 2 710 1 715 1 716 1 717 1 718 1 719 1 740 1 741 1 742 1 743 1 744 1 745 1 746 1 747 1 748 1 749 1 750 1 751 1 752 1 759 1 784 1 814 1 816 1 818 1 820 1 823 2 829 1 830 1 842 1 843 1 846 1 848 1 854 1 858 1 869 2 870 2 871 2 872 2 873 2 874 2 875 2 884 2 891 1 894 1 918 1 919 1 939 1 958 1 966 1 968 1 975 1 982 1 993 2 1002 1 1033 1 1038 1 1059 1 1126 1 1127 2 1129 1 1147 1 1148 1 1163 1 1221 1 1228 2 1229 2 1330 1 1338 1 1364 1 1380 1 1381 1 1382 1 1383 1 1418 1 1419 1 
167 2 
51 1 72 2 300 2 376 1 377 1 411 1 416 2 862 2 927 2 1180 1 1181 1 
781 1 824 2 825 1 
578 2 831 1 
251 1 836 2 837 2 838 2 
39 1 40 1 83 1 84 1 99 1 103 1 124 1 164 1 178 1 179 1 180 1 186 1 187 1 188 1 195 1 196 1 204 1 209 1 247 1 260 1 277 1 323 1 325 1 342 1 370 1 371 1 372 1 373 1 374 1 375 1 376 1 377 1 378 1 379 1 380 1 381 1 382 1 383 1 384 1 385 1 437 1 438 1 441 1 447 1 475 1 476 1 491 1 501 1 511 1 513 1 514 1 526 1 528 1 532 1 545 1 548 1 558 1 566 1 575 1 593 1 610 1 611 1 639 1 640 1 647 1 648 1 655 1 671 1 674 1 675 1 712 1 713 1 733 1 734 1 737 1 738 1 776 2 781 1 795 1 811 1 812 1 829 2 830 2 835 1 840 1 847 1 851 1 866 1 916 1 928 1 951 1 983 1 984 1 998 1 1010 1 1011 1 1018 1 1019 1 1021 1 1030 1 1041 1 1044 1 1120 1 1176 1 1177 1 1178 1 1179 1 1180 1 1181 1 1182 1 1183 1 1184 1 1185 1 1186 1 1187 1 1188 1 1189 1 1222 1 1257 1 1330 1 1349 1 1362 2 1390 1 1420 1 
818 2 819 1 
820 2 821 1 
261 1 839 2 
511 1 842 2 
164 1 844 2 
845 2 847 1 
204 1 847 2 
845 1 849 2 
605 2 849 1 
779 1 850 2 851 2 852 1 1390 2 1391 1 
851 1 1390 1 
103 2 164 2 204 2 511 2 548 2 593 2 713 2 738 2 776 1 853 1 1030 2 1044 2 1362 1 1392 1 1393 1 1394 1 1395 1 
1051 1 1473 1 1474 1 1475 1 
855 1 858 2 
856 2 919 2 938 1 1419 2 1426 1 
233 1 234 1 243 2 244 2 857 1 919 1 938 2 1131 1 1132 1 1135 2 1136 2 1137 2 1138 2 1419 1 1426 2 
772 1 867 1 868 2 946 2 1396 1 
594 2 876 2 877 1 
594 1 877 2 882 1 
878 2 880 1 882 2 
792 1 876 1 878 1 
879 2 880 2 881 1 
62 2 66 2 88 1 109 1 122 1 123 1 165 1 253 1 276 1 285 1 286 1 632 1 659 1 667 1 668 1 784 2 791 2 883 1 886 2 887 2 888 2 889 1 926 1 987 1 988 1 1153 1 1159 1 1160 1 1161 1 1162 1 1296 1 1364 2 1397 1 1398 2 1399 2 1400 2 1401 2 
738 2 890 1 891 1 
823 1 834 2 869 1 871 1 873 1 875 1 884 1 1386 2 
257 1 834 1 853 2 896 1 913 2 988 2 989 2 1051 2 1386 1 1392 2 1393 2 1394 2 1395 2 1453 2 1473 2 1474 2 1475 2 
892 2 
101 1 530 1 896 2 898 1 
893 2 895 1 897 1 
823 2 907 2 
292 2 529 1 912 2 913 1 1261 1 
214 2 
427 2 799 1 
799 2 963 2 989 1 1444 2 1453 1 
914 1 915 2 
670 1 920 2 922 1 923 1 
921 2 924 1 
931 1 932 2 
278 2 492 2 493 2 646 2 858 1 925 2 926 2 927 2 928 2 929 1 1008 2 1420 2 1421 1 1422 1 1423 1 1424 1 
928 1 1420 1 
932 1 
933 1 934 2 
854 2 934 1 
782 1 940 2 961 1 964 1 1363 1 1443 1 
916 2 939 2 941 1 1427 1 1428 1 
918 2 937 1 942 2 1418 2 1425 1 
20 1 231 1 232 1 237 2 238 2 239 2 240 2 857 2 918 1 937 2 1133 2 1134 2 1418 1 1425 2 
343 2 828 1 943 2 944 1 945 2 946 1 947 2 1429 1 1430 1 1431 1 1432 1 
319 2 828 2 947 1 948 1 
949 2 950 2 951 1 1433 2 
921 1 952 1 
73 2 301 2 380 1 396 1 416 1 864 2 1184 1 1185 1 
313 1 443 1 444 1 445 1 446 1 603 1 659 1 935 1 936 1 953 1 954 1 955 2 956 2 958 2 964 1 1434 2 1435 2 1436 2 1437 2 1438 2 1439 2 
935 2 936 2 
892 1 960 1 
42 1 953 2 
798 2 
798 1 
964 2 965 2 
50 1 71 2 299 2 372 1 373 1 406 1 411 2 503 2 863 2 1176 1 1177 1 
364 2 408 1 
299 1 374 1 375 1 387 2 388 2 1178 1 1179 1 1190 2 1191 2 1192 2 
503 1 
114 1 309 1 436 1 453 2 454 2 480 1 484 2 487 2 492 2 493 2 519 2 673 1 691 1 968 2 1014 1 1077 1 
968 1 
975 1 977 1 992 2 996 2 1448 1 1449 1 
975 2 997 2 998 1 
992 1 994 2 997 1 
994 1 
979 2 980 2 981 2 982 1 983 2 984 2 985 1 1450 1 1451 1 1452 1 
983 1 984 1 
986 2 993 1 
746 1 974 1 991 2 993 2 
782 1 899 1 900 1 901 1 902 1 903 1 904 1 905 1 906 1 908 1 909 1 910 1 911 1 969 1 970 1 971 1 972 1 1000 2 1001 2 1363 1 1402 1 1403 1 1404 1 1405 1 1406 1 1407 1 1408 1 1409 1 1410 1 1411 1 1412 1 1413 1 1414 1 1415 1 1416 1 1417 1 1445 1 1446 1 1447 1 1455 2 1456 2 1457 2 
782 2 899 2 900 2 901 2 902 2 903 2 904 2 905 2 906 2 908 2 909 2 910 2 911 2 969 2 970 2 971 2 972 2 1000 1 1001 1 1363 2 1402 2 1403 2 1404 2 1405 2 1406 2 1407 2 1408 2 1409 2 1410 2 1411 2 1412 2 1413 2 1414 2 1415 2 1416 2 1417 2 1445 2 1446 2 1447 2 1455 1 1456 1 1457 1 
1002 1 1004 2 1005 2 1006 1 
1002 2 1003 1 
124 2 
179 2 180 2 
187 2 188 2 
195 2 196 2 
277 2 
501 2 
513 2 514 2 
526 2 1257 2 
575 2 
610 2 611 2 
639 2 640 2 
647 2 648 2 
674 2 675 2 
811 2 812 2 
851 2 1390 2 
928 2 1420 2 
983 2 984 2 
1010 2 1011 2 
1018 2 1019 2 
1041 2 
1007 2 1008 1 1009 2 1010 2 1011 2 1012 1 1458 2 1459 1 1460 1 1461 1 1462 1 
1010 1 1011 1 
383 2 420 1 421 2 861 1 
52 1 231 1 233 1 237 2 238 2 243 2 383 1 396 2 861 2 1131 1 1133 2 1135 2 1136 2 
362 1 372 2 373 2 404 1 409 2 412 2 863 1 1013 1 1176 2 1177 2 
364 1 374 2 375 2 407 1 1178 2 1179 2 
1014 2 1015 1 1016 1 1017 1 1018 2 1019 2 1020 1 1463 1 1464 1 1465 1 1466 1 1467 1 1468 1 
1018 1 1019 1 
1 1 2 1 255 1 356 1 522 1 680 1 719 2 721 2 905 2 906 2 1003 1 1025 1 1057 1 1058 1 1140 1 1141 1 1254 1 1255 1 1256 1 1412 2 1413 2 
255 2 1021 1 1140 2 1141 2 
1 2 2 2 356 2 476 1 522 2 1003 2 1022 2 1023 2 1057 2 1058 2 1222 1 1254 2 1255 2 1256 2 
475 1 1022 1 1023 1 
719 1 743 2 771 1 1025 2 1030 1 1035 1 1036 1 1038 1 
1027 2 1028 1 1029 2 
266 1 340 1 884 1 1030 2 1031 1 1051 2 1473 2 1474 2 1475 2 
153 1 1024 2 
153 1 176 1 1032 1 1033 2 
280 1 743 1 884 2 1035 2 1036 2 1037 1 
270 2 271 2 475 2 476 2 680 2 721 1 911 2 1021 2 1038 2 1147 2 1148 2 1222 2 1417 2 
1039 2 1040 2 1041 2 1042 1 1469 1 1470 1 1471 1 1472 1 
1041 1 
547 1 875 1 1043 1 1044 2 
528 2 614 1 741 2 1044 1 1290 1 1291 1 
741 1 875 2 1045 1 
912 1 987 2 989 2 990 2 1046 1 1453 2 1454 2 
1047 2 1050 1 
1047 1 1048 2 1049 1 
1046 2 1048 1 
220 2 224 1 
220 1 222 2 
222 1 248 2 917 2 1052 1 1476 1 
0 2 1053 2 1054 2 1055 2 1056 2 
6 2 
11 1 
12 1 
13 1 
14 1 
15 2 
18 1 
24 1 
27 2 
45 2 1068 2 
29 1 
35 2 
36 2 
729 1 
43 2 
85 2 86 2 
54 2 
57 1 
91 2 1074 2 1075 2 1076 2 
102 2 
118 1 119 2 
125 2 1078 2 1079 2 1080 2 1081 2 
155 2 
156 2 
159 2 
170 2 
171 2 
181 2 1115 2 1116 2 
185 2 189 2 1117 2 1118 2 1119 2 1121 2 1122 2 1123 2 
185 1 197 2 1117 1 1118 1 1119 1 1124 2 1125 2 
212 1 
213 2 
249 2 
256 2 
258 2 
262 2 
267 2 1143 2 1144 2 1145 2 
279 2 1154 2 1155 2 1156 2 1157 2 1158 2 
282 2 
290 2 
291 2 
297 2 
305 2 
320 2 
338 2 
341 2 
354 2 1173 2 
357 2 1174 2 
359 2 
360 2 
433 2 
434 2 1205 2 
81 2 1073 2 
442 2 
449 2 959 1 1206 2 1207 2 1208 2 1209 2 1210 2 1211 2 1212 2 1213 2 1214 2 1215 2 1216 2 1217 2 1218 2 1219 2 
457 2 
459 2 
462 2 
477 2 1223 2 1224 2 1225 2 1226 2 1227 2 
353 1 
478 2 
482 2 
0 1 499 2 959 1 1053 1 1054 1 1055 1 1056 1 1230 2 1231 2 1232 2 1233 2 1234 2 1235 2 1236 2 1237 2 1238 2 1239 2 1240 2 1241 2 1242 2 1243 2 1244 2 1245 2 
502 2 1246 2 1247 2 1248 2 
515 2 1251 2 1252 2 1253 2 
516 1 
527 2 1258 2 1259 2 1260 2 
520 1 521 2 
534 2 
536 2 
541 2 
549 2 1269 2 1270 2 1271 2 
6 2 35 2 36 2 45 2 85 2 91 2 102 2 119 2 125 2 159 2 181 2 189 2 197 2 205 1 213 2 249 2 256 2 267 2 279 2 282 2 287 2 290 2 291 2 297 2 305 2 320 2 341 2 449 2 457 2 477 2 502 2 515 2 521 2 527 2 534 2 549 2 576 2 592 2 612 2 618 2 619 2 631 2 633 2 641 2 649 2 653 2 654 2 657 2 669 2 676 2 690 2 714 2 735 2 775 2 794 2 813 2 814 2 825 2 852 2 867 1 881 2 889 2 897 2 898 2 929 2 944 1 948 1 954 2 960 2 973 1 974 2 977 2 985 2 986 2 1006 2 1012 2 1020 2 1031 2 1032 2 1037 2 1042 2 1045 2 1068 2 1074 2 1075 2 1076 2 1078 2 1079 2 1080 2 1081 2 1115 2 1116 2 1121 2 1122 2 1123 2 1124 2 1125 2 1126 1 1143 2 1144 2 1145 2 1154 2 1155 2 1156 2 1157 2 1158 2 1206 2 1207 2 1208 2 1209 2 1210 2 1211 2 1212 2 1213 2 1214 2 1215 2 1216 2 1217 2 1218 2 1219 2 1223 2 1224 2 1225 2 1226 2 1227 2 1246 2 1247 2 1248 2 1251 2 1252 2 1253 2 1258 2 1259 2 1260 2 1269 2 1270 2 1271 2 1279 2 1280 2 1281 2 1285 2 1286 2 1287 2 1288 2 1295 2 1299 2 1300 2 1301 2 1302 2 1303 2 1305 2 1313 2 1314 2 1315 2 1316 2 1317 2 1318 2 1319 2 1320 2 1321 2 1322 2 1323 2 1324 2 1325 2 1326 2 1327 2 1328 2 1329 2 1332 2 1333 2 1334 2 1335 2 1336 2 1337 2 1361 2 1376 2 1377 2 1378 2 1379 2 1380 2 1381 2 1382 2 1383 2 1391 2 1396 1 1421 2 1422 2 1423 2 1424 2 1429 1 1430 1 1431 1 1432 1 1448 2 1449 2 1450 2 1451 2 1452 2 1459 2 1460 2 1461 2 1462 2 1464 2 1465 2 1466 2 1467 2 1468 2 1469 2 1470 2 1471 2 1472 2 
0 2 81 2 185 2 353 2 550 2 959 2 973 2 976 2 1053 2 1054 2 1055 2 1056 2 1073 2 1117 2 1118 2 1119 2 1272 2 
563 2 
564 2 
576 2 1279 2 1280 2 1281 2 
592 2 
595 1 
596 1 
597 1 
598 1 
604 1 
612 2 1285 2 1286 2 1287 2 1288 2 
615 1 
618 2 1295 2 
619 2 
631 2 
287 2 
633 2 
635 2 1298 2 
641 2 1299 2 1300 2 1301 2 1302 2 1303 2 
649 2 1305 2 
118 2 654 2 
653 2 1313 2 1314 2 1315 2 
657 2 1316 2 1317 2 1318 2 1319 2 1320 2 1321 2 1322 2 1323 2 1324 2 1325 2 1326 2 1327 2 1328 2 1329 2 
669 2 
676 2 1332 2 1333 2 1334 2 1335 2 1336 2 1337 2 
690 2 
714 1 
701 2 
711 1 
185 1 731 2 732 1 1117 1 1118 1 1119 1 1347 2 1348 2 
735 2 
756 2 
757 1 
760 2 
761 2 
762 2 
775 2 1361 2 
780 1 
783 2 
353 2 
794 2 
813 2 1376 2 1377 2 1378 2 1379 2 
809 1 
81 1 814 2 973 1 976 1 1073 1 1380 2 1381 2 1382 2 1383 2 
825 2 
852 2 1391 2 
867 2 868 1 1396 2 
881 2 
888 1 889 2 
898 2 
81 1 897 2 1073 1 
923 2 
924 2 
929 2 1421 2 1422 2 1423 2 1424 2 
940 1 
941 2 1427 2 1428 2 
944 2 945 1 1429 2 1430 2 1431 2 1432 2 
948 2 
952 2 
954 2 
959 2 960 2 
965 1 
973 1 976 1 977 2 1448 2 1449 2 
976 2 
973 2 
985 2 1450 2 1451 2 1452 2 
986 1 
974 2 
1006 2 
1012 2 1459 2 1460 2 1461 2 1462 2 
1013 2 
1020 2 1464 2 1465 2 1466 2 1467 2 1468 2 
1031 2 
1032 2 
1037 2 
1042 2 1469 2 1470 2 1471 2 1472 2 
1043 2 
1045 2 
1050 2 
1049 2 
1052 2 1476 2 
458 1 
458 2 
306 2 627 1 
307 2 628 1 
62 1 628 2 
441 2 582 1 
311 1 316 2 582 2 
8 1 9 2 
8 2 22 1 
7 2 10 1 
9 1 10 2 
79 2 660 1 
16 1 962 2 
19 1 22 2 
30 1 31 2 
32 2 808 1 
260 2 962 1 
60 1 108 2 
80 2 108 1 
60 2 61 1 774 1 1071 1 
80 1 774 2 
66 1 627 2 
483 1 484 2 
486 1 487 2 
557 2 658 1 
30 2 260 1 
399 1 402 2 
117 1 484 1 485 2 790 2 
487 1 488 2 
192 1 445 2 446 2 461 1 955 1 957 2 1434 1 1435 1 1436 1 1440 2 1441 2 1442 2 
436 1 
559 1 560 1 658 2 1273 1 
565 1 
565 2 566 1 
557 1 572 2 
626 1 
626 2 
116 2 483 2 485 1 790 1 
486 2 488 1 
79 1 659 2 
399 2 422 1 
572 1 777 2 
430 1 566 2 
660 2 758 1 
430 2 839 1 
273 1 312 2 343 2 432 2 703 2 704 2 956 2 957 2 1152 1 1340 2 1437 2 1438 2 1439 2 1440 2 1441 2 1442 2 
7 1 273 2 312 1 343 1 432 1 703 1 704 1 956 1 957 1 1152 2 1340 1 1437 1 1438 1 1439 1 1440 1 1441 1 1442 1 
116 1 117 2 
117 1 121 2 958 1 
684 2 687 1 
685 2 686 1 
327 2 328 1 1165 2 1166 2 1167 2 1168 2 
345 2 552 1 
346 2 553 1 
348 2 555 1 
349 2 556 1 
347 2 554 1 
344 1 551 2 
47 2 552 2 
48 2 553 2 
50 2 555 2 
51 2 556 2 
52 2 551 1 
49 2 554 2 
69 1 345 1 
70 1 346 1 
72 1 348 1 
74 1 344 2 
73 1 349 1 
71 1 347 1 
230 1 272 1 273 2 285 2 286 2 632 2 1130 1 1149 1 1150 1 1151 1 1152 2 1159 2 1160 2 1161 2 1162 2 1296 2 
230 2 272 2 273 1 285 1 286 1 632 1 1130 2 1149 2 1150 2 1151 2 1152 1 1159 1 1160 1 1161 1 1162 1 1296 1 
